0,0,0,0,0,0,0,0,0,0,0,0,0,0,0,0,0,0,0,0,0,0,0,0,0,0,0,0,0,0,0,0,0,0,0,0,0,0,0,0,0,0,0,0,0,0,0,0,0,0,0,0,0,0,0,0,0,0,0,0,0,0,0,0
0,0,0,0,0,0,0,0,0,0,0,0,0,0,0,0,0,0,0,0,0,0,0,0,0,0,0,0,0,0,0,0,0,0,0,0,0,0,0,0,0,0,0,0,0,0,0,0,0,0,0,0,0,0,0,0,0,0,0,0,0,0,0,0
0,0,0,0,0,0,0,0,0,0,0,0,0,0,0,0,0,0,0,0,0,0,0,0,0,0,0,0,0,0,0,0,0,0,0,0,0,0,0,0,0,0,0,0,0,0,0,0,0,0,0,0,0,0,0,0,0,0,0,0,0,0,0,0
0,0,0,0,0,0,0,0,0,0,0,0,0,0,0,0,0,0,0,0,0,0,0,0,0,0,0,0,0,0,0,0,0,0,0,0,0,0,0,0,0,0,0,0,0,0,0,0,0,0,0,0,0,0,0,0,0,0,0,0,0,0,0,0
0,0,0,0,0,0,0,0,0,0,0,0,0,0,0,0,0,0,0,0,0,0,0,0,0,0,0,0,0,0,0,0,0,0,0,0,0,0,0,0,0,0,0,0,0,0,0,0,0,0,0,0,0,0,0,0,0,0,0,0,0,0,0,0
0,0,0,0,0,0,0,0,0,0,0,0,0,0,0,0,0,0,0,0,0,0,0,0,0,0,0,0,0,0,0,0,0,0,0,0,0,0,0,0,0,0,0,0,0,0,0,0,0,0,0,0,0,0,0,0,0,0,0,0,0,0,0,0
0,0,0,0,0,0,0,0,0,0,0,0,0,0,0,0,0,0,0,0,0,0,0,0,0,0,0,0,0,0,0,0,0,0,0,0,0,0,0,0,0,0,0,0,0,0,0,0,0,0,0,0,0,0,0,0,0,0,0,0,0,0,0,0
0,0,0,0,0,0,0,0,0,0,0,0,0,0,0,0,0,0,0,0,0,0,0,0,0,0,0,0,0,0,0,0,0,0,0,0,0,0,0,0,0,0,0,0,0,0,0,0,0,0,0,0,0,0,0,0,0,0,0,0,0,0,0,0
0,0,0,0,0,0,0,0,0,0,0,0,0,0,0,0,0,0,0,0,0,0,0,0,0,0,0,0,0,0,0,0,0,0,0,0,0,0,0,0,0,0,0,0,0,0,0,0,0,0,0,0,0,0,0,0,0,0,0,0,0,0,0,0
0,0,0,0,0,0,0,0,0,0,0,0,0,0,0,0,0,0,0,0,0,0,0,0,0,0,0,0,0,0,0,0,0,0,0,0,0,0,0,0,0,0,0,0,0,0,0,0,0,0,0,0,0,0,0,0,0,0,0,0,0,0,0,0
0,0,0,0,0,0,0,0,0,0,0,0,0,0,0,0,0,0,0,0,0,0,0,0,0,0,0,0,0,0,0,0,0,0,0,0,0,0,0,0,0,0,0,0,0,0,0,0,0,0,0,0,0,0,0,0,0,0,0,0,0,0,0,0
0,0,0,0,0,0,0,0,0,0,0,0,0,0,0,0,0,0,0,0,0,0,0,0,0,0,0,0,0,0,0,0,0,0,0,0,0,0,0,0,0,0,0,0,0,0,0,0,0,0,0,0,0,0,0,0,0,0,0,0,0,0,0,0
0,0,0,0,0,0,0,0,0,0,0,0,0,0,0,0,0,0,0,0,0,0,0,0,0,0,0,0,0,0,0,0,0,0,0,0,0,0,0,0,0,0,0,0,0,0,0,0,0,0,0,0,0,0,0,0,0,0,0,0,0,0,0,0
0,0,0,0,0,0,0,0,0,0,0,0,0,0,0,0,0,0,0,0,0,0,0,0,0,0,0,0,0,0,0,0,0,0,0,0,0,0,0,0,0,0,0,0,0,0,0,0,0,0,0,0,0,0,0,0,0,0,0,0,0,0,0,0
0,0,0,0,0,0,0,0,0,0,0,0,0,0,0,0,0,0,0,0,0,0,0,0,0,0,0,0,0,0,0,0,0,0,0,0,0,0,0,0,0,0,0,0,0,0,0,0,0,0,0,0,0,0,0,0,0,0,0,0,0,0,0,0
0,0,0,0,0,0,0,0,0,0,0,0,0,0,0,0,0,0,0,0,0,0,0,0,0,0,0,0,0,0,0,0,0,0,0,0,0,0,0,0,0,0,0,0,0,0,0,0,0,0,0,0,0,0,0,0,0,0,0,0,0,0,0,0
0,0,0,0,0,0,0,0,0,0,0,0,0,0,0,0,0,0,0,0,0,0,0,0,0,0,0,0,0,0,0,0,0,0,0,0,0,0,0,0,0,0,0,0,0,0,0,0,0,0,0,0,0,0,0,0,0,0,0,0,0,0,0,0
0,0,0,0,0,0,0,0,0,0,0,0,0,0,0,0,0,0,0,0,0,0,0,0,0,0,0,0,0,0,0,0,0,0,0,0,0,0,0,0,0,0,0,0,0,0,0,0,0,0,0,0,0,0,0,0,0,0,0,0,0,0,0,0
0,0,0,0,0,0,0,0,0,0,0,0,0,0,0,0,0,0,0,0,0,0,0,0,0,0,0,0,0,0,0,0,0,0,0,0,0,0,0,0,0,0,0,0,0,0,0,0,0,0,0,0,0,0,0,0,0,0,0,0,0,0,0,0
0,0,0,0,0,0,0,0,0,0,0,0,0,0,0,0,0,0,0,0,0,0,0,0,0,0,0,0,0,0,0,0,0,0,0,0,0,0,0,0,0,0,0,0,0,0,0,0,0,0,0,0,0,0,0,0,0,0,0,0,0,0,0,0
0,0,0,0,0,0,0,0,0,0,0,0,0,0,0,0,0,0,0,0,0,0,0,0,0,0,0,0,0,0,0,0,0,0,0,0,0,0,0,0,0,0,0,0,0,0,0,0,0,0,0,0,0,0,0,0,0,0,0,0,0,0,0,0
0,0,0,0,0,0,0,0,0,0,0,0,0,0,0,0,0,0,0,0,0,0,0,0,0,0,0,0,0,0,0,0,0,0,0,0,0,0,0,0,0,0,0,0,0,0,0,0,0,0,0,0,0,0,0,0,0,0,0,0,0,0,0,0
-0.05128763,-0.05700223,-0.06305236,-0.06933943,-0.07537892,-0.08178267,-0.08808801,-0.09390849,-0.02377026,0,0,0,0,0,0,0,0,0,0,0,0,0,0,0,0,0,0,0,0,0,0,0,0,0,0,0,0,0,0,0,0,0,0,0,0,0,0,0,0,0,0,0,0,0,0,0,0,0,0,0,0,0,0,0
0,0,0,0,0,0,0,0,0,0,0,0,0,0,0,0,0,0,0,0,0,0,0,0,0,0,0,0,0,0,0,0,0,0,0,0,0,0,0,0,0,0,0,0,0,0,0,0,0,0,0,0,0,0,0,0,0,0,0,0,0,0,0,0
0,0,0,0,0,0,0,0,0,0,0,0,0,0,0,0,0,0,0,0,0,0,0,0,0,0,0,0,0,0,0,0,0,0,0,0,0,0,0,0,0,0,0,0,0,0,0,0,0,0,0,0,0,0,0,0,0,0,0,0,0,0,0,0
0,0,0,0,0,0,0,0,0,0,0,0,0,0,0,0,0,0,0,0,0,0,0,0,0,0,0,0,0,0,0,0,0,0,0,0,0,0,0,0,0,0,0,0,0,0,0,0,0,0,0,0,0,0,0,0,0,0,0,0,0,0,0,0
0,0,0,0,0,0,0,0,0,0,0,0,0,0,0,0,0,0,0,0,0,0,0,0,0,0,0,0,0,0,0,0,0,0,0,0,0,0,0,0,0,0,0,0,0,0,0,0,0,0,0,0,0,0,0,0,0,0,0,0,0,0,0,0
0,0,0,0,0,0,0,0,0,0,0,0,0,0,0,0,0,0,0,0,0,0,0,0,0,0,0,0,0,0,0,0,0,0,0,0,0,0,0,0,0,0,0,0,0,0,0,0,0,0,0,0,0,0,0,0,0,0,0,0,0,0,0,0
0,0,0,0,0,0,0,0,0,0,0,0,0,0,0,0,0,0,0,0,0,0,0,0,0,0,0,0,0,0,0,0,0,0,0,0,0,0,0,0,0,0,0,0,0,0,0,0,0,0,0,0,0,0,0,0,0,0,0,0,0,0,0,0
0,0,0,0,0,0,0,0,0,0,0,0,0,0,0,0,0,0,0,0,0,0,0,0,0,0,0,0,0,0,0,0,0,0,0,0,0,0,0,0,0,0,0,0,0,0,0,0,0,0,0,0,0,0,0,0,0,0,0,0,0,0,0,0
0,0,0,0,0,0,0,0,0,0,0,0,0,0,0,0,0,0,0,0,0,0,0,0,0,0,0,0,0,0,0,0,0,0,0,0,0,0,0,0,0,0,0,0,0,0,0,0,0,0,0,0,0,0,0,0,0,0,0,0,0,0,0,0
0,0,0,0,0,0,0,0,0,0,0,0,0,0,0,0,0,0,0,0,0,0,0,0,0,0,0,0,0,0,0,0,0,0,0,0,0,0,0,0,0,0,0,0,0,0,0,0,0,0,0,0,0,0,0,0,0,0,0,0,0,0,0,0
0,0,0,0,0,0,0,0,0,0,0,0,0,0,0,0,0,0,0,0,0,0,0,0,0,0,0,0,0,0,0,0,0,0,0,0,0,0,0,0,0,0,0,0,0,0,0,0,0,0,0,0,0,0,0,0,0,0,0,0,0,0,0,0
0,0,0,0,0,0,0,0,0,0,0,0,0,0,0,0,0,0,0,0,0,0,0,0,0,0,0,0,0,0,0,0,0,0,0,0,0,0,0,0,0,0,0,0,0,0,0,0,0,0,0,0,0,0,0,0,0,0,0,0,0,0,0,0
0,0,0,0,0,0,0,0,0,0,0,0,0,0,0,0,0,0,0,0,0,0,0,0,0,0,0,0,0,0,0,0,0,0,0,0,0,0,0,0,0,0,0,0,0,0,0,0,0,0,0,0,0,0,0,0,0,0,0,0,0,0,0,0
0,0,0,0,0,0,0,0,0,0,0,0,0,0,0,0,0,0,0,0,0,0,0,0,0,0,0,0,0,0,0,0,0,0,0,0,0,0,0,0,0,0,0,0,0,0,0,0,0,0,0,0,0,0,0,0,0,0,0,0,0,0,0,0
-0.1264723,-0.1316321,-0.1347697,-0.135853,-0.1350068,-0.1321474,-0.1271841,-0.1203718,-0.1118845,-0.1015394,-0.08976278,-0.07648115,-0.06203922,-0.04677749,-0.03063864,-0.01402228,0.002753882,0.01962941,0.03627506,0.05212302,0.06708166,0.08110245,0.09391211,0.1053913,0.1154772,0.1239409,0.1307007,0.1355998,0.1385379,0.1394881,0.1384659,0.1355464,0.1308893,0.12466,0.1168672,0.1076283,0.09701178,0.08502461,0.07201733,0.05814749,0.04347002,0.02837127,0.01314601,-0.002185965,-0.01747878,-0.03239111,-0.04672176,-0.06018353,-0.0726165,-0.0840563,-0.09435895,-0.1031653,-0.1105053,-0.1163398,-0.1204775,-0.1228827,-0.1236598,-0.1228036,-0.1206217,-0.1169016,-0.1111917,-0.1045902,-0.09690575,-0.08819235
-0.1264723,-0.1316321,-0.1347697,-0.135853,-0.1350068,-0.1321474,-0.1271841,-0.1203718,-0.1118845,-0.1015394,-0.08976278,-0.07648115,-0.06203922,-0.04677749,-0.03063864,-0.01402228,0.002753882,0.01962941,0.03627506,0.05212302,0.06708166,0.08110245,0.09391211,0.1053913,0.1154772,0.1239409,0.1307007,0.1355998,0.1385379,0.1394881,0.1384659,0.1355464,0.1308893,0.12466,0.1168672,0.1076283,0.09701178,0.08502461,0.07201733,0.05814749,0.04347002,0.02837127,0.01314601,-0.002185965,-0.01747878,-0.03239111,-0.04672176,-0.06018353,-0.0726165,-0.0840563,-0.09435895,-0.1031653,-0.1105053,-0.1163398,-0.1204775,-0.1228827,-0.1236598,-0.1228036,-0.1206217,-0.1169016,-0.1111917,-0.1045902,-0.09690575,-0.08819235
0,0,0,0,0,0,0,0,0,0,0,0,0,0,0,0,0,0,0,0,0,0,0,0,0,0,0,0,0,0,0,0,0,0,0,0,0,0,0,0,0,0,0,0,0,0,0,0,0,0,0,0,0,0,0,0,0,0,0,0,0,0,0,0
0,0,0,0,0,0,0,0,0,0,0,0,0,0,0,0,0,0,0,0,0,0,0,0,0,0,0,0,0,0,0,0,0,0,0,0,0,0,0,0,0,0,0,0,0,0,0,0,0,0,0,0,0,0,0,0,0,0,0,0,0,0,0,0
0,0,0,0,0,0,0,0,0,0,0,0,0,0,0,0,0,0,0,0,0,0,0,0,0,0,0,0,0,0,0,0,0,0,0,0,0,0,0,0,0,0,0,0,0,0,0,0,0,0,0,0,0,0,0,0,0,0,0,0,0,0,0,0
0,0,0,0,0,0,0,0,0,0,0,0,0,0,0,0,0,0,0,0,0,0,0,0,0,0,0,0,0,0,0,0,0,0,0,0,0,0,0,0,0,0,0,0,0,0,0,0,0,0,0,0,0,0,0,0,0,0,0,0,0,0,0,0
0,0,0,0,0,0,0,0,0,0,0,0,0,0,0,0,0,0,0,0,0,0,0,0,0,0,0,0,0,0,0,0,0,0,0,0,0,0,0,0,0,0,0,0,0,0,0,0,0,0,0,0,0,0,0,0,0,0,0,0,0,0,0,0
0,0,0,0,0,0,0,0,0,0,0,0,0,0,0,0,0,0,0,0,0,0,0,0,0,0,0,0,0,0,0,0,0,0,0,0,0,0,0,0,0,0,0,0,0,0,0,0,0,0,0,0,0,0,0,0,0,0,0,0,0,0,0,0
0,0,0,0,0,0,0,0,0,0,0,0,0,0,0,0,0,0,0,0,0,0,0,0,0,0,0,0,0,0,0,0,0,0,0,0,0,0,0,0,0,0,0,0,0,0,0,0,0,0,0,0,0,0,0,0,0,0,0,0,0,0,0,0
0,0,0,0,0,0,0,0,0,0,0,0,0,0,0,0,0,0,0,0,0,0,0,0,0,0,0,0,0,0,0,0,0,0,0,0,0,0,0,0,0,0,0,0,0,0,0,0,0,0,0,0,0,0,0,0,0,0,0,0,0,0,0,0
0,0,0,0,0,0,0,0,0,0,0,0,0,0,0,0,0,0,0,0,0,0,0,0,0,0,0,0,0,0,0,0,0,0,0,0,0,0,0,0,0,0,0,0,0,0,0,0,0,0,0,0,0,0,0,0,0,0,0,0,0,0,0,0
0,0,0,0,0,0,0,0,0,0,0,0,0,0,0,0,0,0,0,0,0,0,0,0,0,0,0,0,0,0,0,0,0,0,0,0,0,0,0,0,0,0,0,0,0,0,0,0,0,0,0,0,0,0,0,0,0,0,0,0,0,0,0,0
-0.1070403,-0.1085295,-0.1097319,-0.1107061,-0.1114879,-0.1121422,-0.1126587,-0.1130487,-0.1132636,-0.1133123,-0.1132996,-0.1133125,-0.113343,-0.1133333,-0.1132399,-0.1130458,-0.1127795,-0.1124393,-0.1119437,-0.1111896,-0.1101824,-0.1088923,-0.1072998,-0.1054116,-0.1032342,-0.1007438,-0.09792859,-0.09481978,-0.09140106,-0.08766356,-0.08371821,-0.0794688,-0.07501648,-0.07044285,-0.06576078,-0.06099426,-0.05618616,-0.05133454,-0.04643082,-0.04151898,-0.03662199,-0.03174264,-0.02708356,-0.00254901,0,0,0,0,0,0,0,0,0,0,0,0,0,0,0,0,0,0,0,0
0,0,0,0,0,0,0,0,0,0,0,0,0,0,0,0,0,0,0,0,0,0,0,0,0,0,0,0,0,0,0,0,0,0,0,0,0,0,0,0,0,0,0,0,0,0,0,0,0,0,0,0,0,0,0,0,0,0,0,0,0,0,0,0
0,0,0,0,0,0,0,0,0,0,0,0,0,0,0,0,0,0,0,0,0,0,0,0,0,0,0,0,0,0,0,0,0,0,0,0,0,0,0,0,0,0,0,0,0,0,0,0,0,0,0,0,0,0,0,0,0,0,0,0,0,0,0,0
0.006031988,0.001856701,-0.002421183,-0.006603501,-0.01064604,-0.01455469,-0.01824685,-0.02165169,-0.02479902,-0.02759371,-0.03013142,-0.03235646,-0.0338476,-0.0346138,-0.03461426,-0.03382506,-0.0323161,-0.03000312,-0.02669221,-0.02229695,-0.01684743,-0.01048828,-0.003460961,0.004251305,0.01282502,0.02208238,0.031712,0.04168805,0.05187846,0.062138,0.07232191,0.0822283,0.09173106,0.1008833,0.109413,0.1171055,0.1241564,0.1303361,0.1355996,0.1396964,0.1425225,0.1442372,0.1449008,0.1444192,0.1428052,0.1401003,0.1362071,0.1313894,0.1255819,0.1189234,0.1117811,0.1041627,0.09608111,0.0876541,0.07900932,0.07025184,0.06147436,0.05273309,0.04409838,0.03555476,0.02722789,0.01904658,0.01114136,0.003819052
0,0,0,0,0,0,0,0,0,0,0,0,0,0,0,0,0,0,0,0,0,0,0,0,0,0,0,0,0,0,0,0,0,0,0,0,0,0,0,0,0,0,0,0,0,0,0,0,0,0,0,0,0,0,0,0,0,0,0,0,0,0,0,0
0,0,0,0,0,0,0,0,0,0,0,0,0,0,0,0,0,0,0,0,0,0,0,0,0,0,0,0,0,0,0,0,0,0,0,0,0,0,0,0,0,0,0,0,0,0,0,0,0,0,0,0,0,0,0,0,0,0,0,0,0,0,0,0
0,0,0,0,0,0,0,0,0,0,0,0,0,0,0,0,0,0,0,0,0,0,0,0,0,0,0,0,0,0,0,0,0,0,0,0,0,0,0,0,0,0,0,0,0,0,0,0,0,0,0,0,0,0,0,0,0,0,0,0,0,0,0,0
0,0,0,0,0,0,0,0,0,0,0,0,0,0,0,0,0,0,0,0,0,0,0,0,0,0,0,0,0,0,0,0,0,0,0,0,0,0,0,0,0,0,0,0,0,0,0,0,0,0,0,0,0,0,0,0,0,0,0,0,0,0,0,0
0,0,0,0,0,0,0,0,0,0,0,0,0,0,0,0,0,0,0,0,0,0,0,0,0,0,0,0,0,0,0,0,0,0,0,0,0,0,0,0,0,0,0,0,0,0,0,0,0,0,0,0,0,0,0,0,0,0,0,0,0,0,0,0
0,0,0,0,0,0,0,0,0,0,0,0,0,0,0,0,0,0,0,0,0,0,0,0,0,0,0,0,0,0,0,0,0,0,0,0,0,0,0,0,0,0,0,0,0,0,0,0,0,0,0,0,0,0,0,0,0,0,0,0,0,0,0,0
0,0,0,0,0,0,0,0,0,0,0,0,0,0,0,0,0,0,0,0,0,0,0,0,0,0,0,0,0,0,0,0,0,0,0,0,0,0,0,0,0,0,0,0,0,0,0,0,0,0,0,0,0,0,0,0,0,0,0,0,0,0,0,0
0,0,0,0,0,0,0,0,0,0,0,0,0,0,0,0,0,0,0,0,0,0,0,0,0,0,0,0,0,0,0,0,0,0,0,0,0,0,0,0,0,0,0,0,0,0,0,0,0,0,0,0,0,0,0,0,0,0,0,0,0,0,0,0
0,0,0,0,0,0,0,0,0,0,0,0,0,0,0,0,0,0,0,0,0,0,0,0,0,0,0,0,0,0,0,0,0,0,0,0,0,0,0,0,0,0,0,0,0,0,0,0,0,0,0,0,0,0,0,0,0,0,0,0,0,0,0,0
0,0,0,0,0,0,0,0,0,0,0,0,0,0,0,0,0,0,0,0,0,0,0,0,0,0,0,0,0,0,0,0,0,0,0,0,0,0,0,0,0,0,0,0,0,0,0,0,0,0,0,0,0,0,0,0,0,0,0,0,0,0,0,0
0,0,0,0,0,0,0,0,0,0,0,0,0,0,0,0,0,0,0,0,0,0,0,0,0,0,0,0,0,0,0,0,0,0,0,0,0,0,0,0,0,0,0,0,0,0,0,0,0,0,0,0,0,0,0,0,0,0,0,0,0,0,0,0
0,0,0,0,0,0,0,0,0,0,0,0,0,0,0,0,0,0,0,0,0,0,0,0,0,0,0,0,0,0,0,0,0,0,0,0,0,0,0,0,0,0,0,0,0,0,0,0,0,0,0,0,0,0,0,0,0,0,0,0,0,0,0,0
0,0,0,0,0,0,0,0,0,0,0,0,0,0,0,0,0,0,0,0,0,0,0,0,0,0,0,0,0,0,0,0,0,0,0,0,0,0,0,0,0,0,0,0,0,0,0,0,0,0,0,0,0,0,0,0,0,0,0,0,0,0,0,0
0,0,0,0,0,0,0,0,0,0,0,0,0,0,0,0,0,0,0,0,0,0,0,0,0,0,0,0,0,0,0,0,0,0,0,0,0,0,0,0,0,0,0,0,0,0,0,0,0,0,0,0,0,0,0,0,0,0,0,0,0,0,0,0
0,0,0,0,0,0,0,0,0,0,0,0,0,0,0,0,0,0,0,0,0,0,0,0,0,0,0,0,0,0,0,0,0,0,0,0,0,0,0,0,0,0,0,0,0,0,0,0,0,0,0,0,0,0,0,0,0,0,0,0,0,0,0,0
0,0,0,0,0,0,0,0,0,0,0,0,0,0,0,0,0,0,0,0,0,0,0,0,0,0,0,0,0,0,0,0,0,0,0,0,0,0,0,0,0,0,0,0,0,0,0,0,0,0,0,0,0,0,0,0,0,0,0,0,0,0,0,0
0,0,0,0,0,0,0,0,0,0,0,0,0,0,0,0,0,0,0,0,0,0,0,0,0,0,0,0,0,0,0,0,0,0,0,0,0,0,0,0,0,0,0,0,0,0,0,0,0,0,0,0,0,0,0,0,0,0,0,0,0,0,0,0
0,0,0,0,0,0,0,0,0,0,0,0,0,0,0,0,0,0,0,0,0,0,0,0,0,0,0,0,0,0,0,0,0,0,0,0,0,0,0,0,0,0,0,0,0,0,0,0,0,0,0,0,0,0,0,0,0,0,0,0,0,0,0,0
0,0,0,0,0,0,0,0,0,0,0,0,0,0,0,0,0,0,0,0,0,0,0,0,0,0,0,0,0,0,0,0,0,0,0,0,0,0,0,0,0,0,0,0,0,0,0,0,0,0,0,0,0,0,0,0,0,0,0,0,0,0,0,0
0,0,0,0,0,0,0,0,0,0,0,0,0,0,0,0,0,0,0,0,0,0,0,0,0,0,0,0,0,0,0,0,0,0,0,0,0,0,0,0,0,0,0,0,0,0,0,0,0,0,0,0,0,0,0,0,0,0,0,0,0,0,0,0
0,0,0,0,0,0,0,0,0,0,0,0,0,0,0,0,0,0,0,0,0,0,0,0,0,0,0,0,0,0,0,0,0,0,0,0,0,0,0,0,0,0,0,0,0,0,0,0,0,0,0,0,0,0,0,0,0,0,0,0,0,0,0,0
0,0,0,0,0,0,0,0,0,0,0,0,0,0,0,0,0,0,0,0,0,0,0,0,0,0,0,0,0,0,0,0,0,0,0,0,0,0,0,0,0,0,0,0,0,0,0,0,0,0,0,0,0,0,0,0,0,0,0,0,0,0,0,0
0,0,0,0,0,0,0,0,0,0,0,0,0,0,0,0,0,0,0,0,0,0,0,0,0,0,0,0,0,0,0,0,0,0,0,0,0,0,0,0,0,0,0,0,0,0,0,0,0,0,0,0,0,0,0,0,0,0,0,0,0,0,0,0
0,0,0,0,0,0,0,0,0,0,0,0,0,0,0,0,0,0,0,0,0,0,0,0,0,0,0,0,0,0,0,0,0,0,0,0,0,0,0,0,0,0,0,0,0,0,0,0,0,0,0,0,0,0,0,0,0,0,0,0,0,0,0,0
0,0,0,0,0,0,0,0,0,0,0,0,0,0,0,0,0,0,0,0,0,0,0,0,0,0,0,0,0,0,0,0,0,0,0,0,0,0,0,0,0,0,0,0,0,0,0,0,0,0,0,0,0,0,0,0,0,0,0,0,0,0,0,0
0,0,0,0,0,0,0,0,0,0,0,0,0,0,0,0,0,0,0,0,0,0,0,0,0,0,0,0,0,0,0,0,0,0,0,0,0,0,0,0,0,0,0,0,0,0,0,0,0,0,0,0,0,0,0,0,0,0,0,0,0,0,0,0
0,0,0,0,0,0,0,0,0,0,0,0,0,0,0,0,0,0,0,0,0,0,0,0,0,0,0,0,0,0,0,0,0,0,0,0,0,0,0,0,0,0,0,0,0,0,0,0,0,0,0,0,0,0,0,0,0,0,0,0,0,0,0,0
0,0,0,0,0,0,0,0,0,0,0,0,0,0,0,0,0,0,0,0,0,0,0,0,0,0,0,0,0,0,0,0,0,0,0,0,0,0,0,0,0,0,0,0,0,0,0,0,0,0,0,0,0,0,0,0,0,0,0,0,0,0,0,0
0,0,0,0,0,0,0,0,0,0,0,0,0,0,0,0,0,0,0,0,0,0,0,0,0,0,0,0,0,0,0,0,0,0,0,0,0,0,0,0,0,0,0,0,0,0,0,0,0,0,0,0,0,0,0,0,0,0,0,0,0,0,0,0
0,0,0,0,0,0,0,0,0,0,0,0,0,0,0,0,0,0,0,0,0,0,0,0,0,0,0,0,0,0,0,0,0,0,0,0,0,0,0,0,0,0,0,0,0,0,0,0,0,0,0,0,0,0,0,0,0,0,0,0,0,0,0,0
0,0,0,0,0,0,0,0,0,0,0,0,0,0,0,0,0,0,0,0,0,0,0,0,0,0,0,0,0,0,0,0,0,0,0,0,0,0,0,0,0,0,0,0,0,0,0,0,0,0,0,0,0,0,0,0,0,0,0,0,0,0,0,0
0,0,0,0,0,0,0,0,0,0,0,0,0,0,0,0,0,0,0,0,0,0,0,0,0,0,0,0,0,0,0,0,0,0,0,0,0,0,0,0,0,0,0,0,0,0,0,0,0,0,0,0,0,0,0,0,0,0,0,0,0,0,0,0
0,0,0,0,0,0,0,0,0,0,0,0,0,0,0,0,0,0,0,0,0,0,0,0,0,0,0,0,0,0,0,0,0,0,0,0,0,0,0,0,0,0,0,0,0,0,0,0,0,0,0,0,0,0,0,0,0,0,0,0,0,0,0,0
0,0,0,0,0,0,0,0,0,0,0,0,0,0,0,0,0,0,0,0,0,0,0,0,0,0,0,0,0,0,0,0,0,0,0,0,0,0,0,0,0,0,0,0,0,0,0,0,0,0,0,0,0,0,0,0,0,0,0,0,0,0,0,0
0,0,0,0,0,0,0,0,0,0,0,0,0,0,0,0,0,0,0,0,0,0,0,0,0,0,0,0,0,0,0,0,0,0,0,0,0,0,0,0,0,0,0,0,0,0,0,0,0,0,0,0,0,0,0,0,0,0,0,0,0,0,0,0
-0.05263435,-0.05007701,-0.04719458,-0.04398684,-0.04068648,-0.03731161,-0.03392363,-0.03059965,-0.02733591,-0.02416534,-0.02126791,-0.01870023,-0.01637059,-0.01440783,-0.01281686,-0.01165468,-0.01100166,-0.01075277,-0.01087692,-0.01145917,-0.01258166,-0.01420756,-0.01620824,-0.01851897,-0.02116344,-0.02429594,-0.02798316,-0.03205549,-0.03630425,-0.04072533,-0.04533925,-0.05011052,-0.05499108,-0.05985916,-0.06447509,-0.06865392,-0.07236818,-0.07548084,-0.07796412,-0.07985116,-0.08083472,-0.08083529,-0.07980391,-0.077648,-0.07446375,-0.07042354,-0.06555312,-0.05986967,-0.05356533,-0.04591319,-0.002970343,0,0,0,0,0,0,0,0,0,0,0,0,0
-0.03987905,-0.03171265,-0.02315375,-0.01404699,-0.00475054,0.00447137,0.01358321,0.02242037,0.03093264,0.03933756,0.04722826,0.05506036,0.06273156,0.06967918,0.07624553,0.08241559,0.08797234,0.0930856,0.09790552,0.102265,0.1062344,0.1098104,0.1127439,0.1156186,0.1181453,0.119931,0.1214136,0.1224101,0.1228668,0.1230276,0.1229473,0.1225118,0.121777,0.1205489,0.1189239,0.117318,0.1150709,0.1122094,0.1088715,0.1048371,0.1002269,0.09515686,0.08973512,0.08408502,0.07811657,0.07159791,0.06475262,0.05755582,0.04975768,0.04189335,0.03386356,0.02578029,0.01774088,0.009688693,0.00168852,-0.006216429,-0.01405009,-0.02148969,-0.02828857,-0.03468707,-0.04015902,-0.04466718,-0.04844753,-0.05143499
0,0,0,0,0,0,0,0,0,0,0,0,0,0,0,0,0,0,0,0,0,0,0,0,0,0,0,0,0,0,0,0,0,0,0,0,0,0,0,0,0,0,0,0,0,0,0,0,0,0,0,0,0,0,0,0,0,0,0,0,0,0,0,0
0,0,0,0,0,0,0,0,0,0,0,0,0,0,0,0,0,0,0,0,0,0,0,0,0,0,0,0,0,0,0,0,0,0,0,0,0,0,0,0,0,0,0,0,0,0,0,0,0,0,0,0,0,0,0,0,0,0,0,0,0,0,0,0
0,0,0,0,0,0,0,0,0,0,0,0,0,0,0,0,0,0,0,0,0,0,0,0,0,0,0,0,0,0,0,0,0,0,0,0,0,0,0,0,0,0,0,0,0,0,0,0,0,0,0,0,0,0,0,0,0,0,0,0,0,0,0,0
0.03556117,0.03299963,0.02998236,0.02639388,0.02256024,0.01825219,0.01347153,0.008656131,0.003878095,-0.000839392,-0.005398415,-0.009898605,-0.01451903,-0.01897333,-0.02316979,-0.02727375,-0.03095096,-0.03447759,-0.03790732,-0.04097807,-0.04378845,-0.0463437,-0.04852956,-0.05040993,-0.05209592,-0.05338069,-0.05425726,-0.05478911,-0.05470981,-0.05428501,-0.05358256,-0.05250628,-0.05107117,-0.04921449,-0.04684085,-0.04392994,-0.040513,-0.0366025,-0.03224739,-0.02749925,-0.02246348,-0.01709069,-0.01142653,-0.005549296,0.0005402003,0.006764598,0.01294992,0.01902348,0.02494735,0.03053038,0.0356549,0.04045433,0.04465741,0.04828262,0.05143569,0.05369345,0.05507739,0.05557516,0.05505386,0.0536924,0.05176371,0.04923052,0.04608785,0.04254568
0,0,0,0,0,0,0,0,0,0,0,0,0,0,0,0,0,0,0,0,0,0,0,0,0,0,0,0,0,0,0,0,0,0,0,0,0,0,0,0,0,0,0,0,0,0,0,0,0,0,0,0,0,0,0,0,0,0,0,0,0,0,0,0
0,0,0,0,0,0,0,0,0,0,0,0,0,0,0,0,0,0,0,0,0,0,0,0,0,0,0,0,0,0,0,0,0,0,0,0,0,0,0,0,0,0,0,0,0,0,0,0,0,0,0,0,0,0,0,0,0,0,0,0,0,0,0,0
0,0,0,0,0,0,0,0,0,0,0,0,0,0,0,0,0,0,0,0,0,0,0,0,0,0,0,0,0,0,0,0,0,0,0,0,0,0,0,0,0,0,0,0,0,0,0,0,0,0,0,0,0,0,0,0,0,0,0,0,0,0,0,0
0,0,0,0,0,0,0,0,0,0,0,0,0,0,0,0,0,0,0,0,0,0,0,0,0,0,0,0,0,0,0,0,0,0,0,0,0,0,0,0,0,0,0,0,0,0,0,0,0,0,0,0,0,0,0,0,0,0,0,0,0,0,0,0
0,0,0,0,0,0,0,0,0,0,0,0,0,0,0,0,0,0,0,0,0,0,0,0,0,0,0,0,0,0,0,0,0,0,0,0,0,0,0,0,0,0,0,0,0,0,0,0,0,0,0,0,0,0,0,0,0,0,0,0,0,0,0,0
0,0,0,0,0,0,0,0,0,0,0,0,0,0,0,0,0,0,0,0,0,0,0,0,0,0,0,0,0,0,0,0,0,0,0,0,0,0,0,0,0,0,0,0,0,0,0,0,0,0,0,0,0,0,0,0,0,0,0,0,0,0,0,0
0,0,0,0,0,0,0,0,0,0,0,0,0,0,0,0,0,0,0,0,0,0,0,0,0,0,0,0,0,0,0,0,0,0,0,0,0,0,0,0,0,0,0,0,0,0,0,0,0,0,0,0,0,0,0,0,0,0,0,0,0,0,0,0
0,0,0,0,0,0,0,0,0,0,0,0,0,0,0,0,0,0,0,0,0,0,0,0,0,0,0,0,0,0,0,0,0,0,0,0,0,0,0,0,0,0,0,0,0,0,0,0,0,0,0,0,0,0,0,0,0,0,0,0,0,0,0,0
0,0,0,0,0,0,0,0,0,0,0,0,0,0,0,0,0,0,0,0,0,0,0,0,0,0,0,0,0,0,0,0,0,0,0,0,0,0,0,0,0,0,0,0,0,0,0,0,0,0,0,0,0,0,0,0,0,0,0,0,0,0,0,0
0,0,0,0,0,0,0,0,0,0,0,0,0,0,0,0,0,0,0,0,0,0,0,0,0,0,0,0,0,0,0,0,0,0,0,0,0,0,0,0,0,0,0,0,0,0,0,0,0,0,0,0,0,0,0,0,0,0,0,0,0,0,0,0
0.1788459,0.1741091,0.1690919,0.1635605,0.1575576,0.1510004,0.1438676,0.1364555,0.1288983,0.1212549,0.1134989,0.1055425,0.09744281,0.08948545,0.08183929,0.07456319,0.06751983,0.06074627,0.05430735,0.04815527,0.04224951,0.03652555,0.03101718,0.02580509,0.02091634,0.01641435,0.0124059,0.008939191,0.005985134,0.003249252,0.0007302405,-0.001410481,-0.003032164,-0.004171772,-0.005047101,-0.005821656,-0.006494032,-0.006994199,-0.007161856,-0.006952581,-0.006417281,-0.005470131,-0.004244153,-0.002731874,-0.0008362088,0.001451711,0.004109201,0.007037933,0.01008419,0.01320883,0.01654698,0.02016835,0.02399475,0.02791744,0.03180795,0.03572533,0.03972086,0.04374551,0.04762325,0.05119554,0.05441336,0.05730874,0.05997131,0.06254087
-0.2125093,-0.2140166,-0.2150361,-0.2155351,-0.2155826,-0.2153243,-0.214824,-0.2140332,-0.212929,-0.2115537,-0.2099234,-0.2081124,-0.2062432,-0.2041615,-0.2018381,-0.1991957,-0.196243,-0.1931697,-0.1900653,-0.1869428,-0.1837377,-0.1802501,-0.1762427,-0.1717115,-0.1668667,-0.1618904,-0.1567037,-0.1510924,-0.1448756,-0.1380539,-0.1305511,-0.1224393,-0.1138722,-0.1049531,-0.09575725,-0.08632249,-0.0764673,-0.06613801,-0.05525813,-0.04410506,-0.03308484,-0.02233177,-0.01171606,-0.001107243,0.009491993,0.01991875,0.02995139,0.03953627,0.04889259,0.0580648,0.06686748,0.07528271,0.08306795,0.09038191,0.09728852,0.1036831,0.1094026,0.1143075,0.1184072,0.1218827,0.1247921,0.1269912,0.1283393,0.1288329
0,0,0,0,0,0,0,0,0,0,0,0,0,0,0,0,0,0,0,0,0,0,0,0,0,0,0,0,0,0,0,0,0,0,0,0,0,0,0,0,0,0,0,0,0,0,0,0,0,0,0,0,0,0,0,0,0,0,0,0,0,0,0,0
0,0,0,0,0,0,0,0,0,0,0,0,0,0,0,0,0,0,0,0,0,0,0,0,0,0,0,0,0,0,0,0,0,0,0,0,0,0,0,0,0,0,0,0,0,0,0,0,0,0,0,0,0,0,0,0,0,0,0,0,0,0,0,0
0,0,0,0,0,0,0,0,0,0,0,0,0,0,0,0,0,0,0,0,0,0,0,0,0,0,0,0,0,0,0,0,0,0,0,0,0,0,0,0,0,0,0,0,0,0,0,0,0,0,0,0,0,0,0,0,0,0,0,0,0,0,0,0
0,0,0,0,0,0,0,0,0,0,0,0,0,0,0,0,0,0,0,0,0,0,0,0,0,0,0,0,0,0,0,0,0,0,0,0,0,0,0,0,0,0,0,0,0,0,0,0,0,0,0,0,0,0,0,0,0,0,0,0,0,0,0,0
0,0,0,0,0,0,0,0,0,0,0,0,0,0,0,0,0,0,0,0,0,0,0,0,0,0,0,0,0,0,0,0,0,0,0,0,0,0,0,0,0,0,0,0,0,0,0,0,0,0,0,0,0,0,0,0,0,0,0,0,0,0,0,0
0,0,0,0,0,0,0,0,0,0,0,0,0,0,0,0,0,0,0,0,0,0,0,0,0,0,0,0,0,0,0,0,0,0,0,0,0,0,0,0,0,0,0,0,0,0,0,0,0,0,0,0,0,0,0,0,0,0,0,0,0,0,0,0
0,0,0,0,0,0,0,0,0,0,0,0,0,0,0,0,0,0,0,0,0,0,0,0,0,0,0,0,0,0,0,0,0,0,0,0,0,0,0,0,0,0,0,0,0,0,0,0,0,0,0,0,0,0,0,0,0,0,0,0,0,0,0,0
0,0,0,0,0,0,0,0,0,0,0,0,0,0,0,0,0,0,0,0,0,0,0,0,0,0,0,0,0,0,0,0,0,0,0,0,0,0,0,0,0,0,0,0,0,0,0,0,0,0,0,0,0,0,0,0,0,0,0,0,0,0,0,0
0,0,0,0,0,0,0,0,0,0,0,0,0,0,0,0,0,0,0,0,0,0,0,0,0,0,0,0,0,0,0,0,0,0,0,0,0,0,0,0,0,0,0,0,0,0,0,0,0,0,0,0,0,0,0,0,0,0,0,0,0,0,0,0
0,0,0,0,0,0,0,0,0,0,0,0,0,0,0,0,0,0,0,0,0,0,0,0,0,0,0,0,0,0,0,0,0,0,0,0,0,0,0,0,0,0,0,0,0,0,0,0,0,0,0,0,0,0,0,0,0,0,0,0,0,0,0,0
0.07785749,0.07783791,0.07713243,0.0760823,0.07457955,0.07242267,0.06998408,0.06727647,0.06397705,0.06012935,0.05595231,0.05125132,0.04653378,0.04185487,0.03656273,0.03107811,0.02532529,0.01936326,0.01364857,0.008196066,0.002815854,-0.002479449,-0.007748331,-0.01313878,-0.01812848,-0.02264878,-0.02705435,-0.0310041,-0.03473382,-0.03811646,-0.04088354,-0.04315554,-0.04506784,-0.04662362,-0.04791063,-0.04887715,-0.04908244,-0.04868593,-0.04767989,-0.04616734,-0.04468187,-0.04296992,-0.04079896,-0.03822374,-0.03530493,-0.03229066,-0.02954301,-0.02688801,-0.0239269,-0.02107197,-0.01821704,-0.01545436,-0.01306584,-0.01044739,-0.007638927,-0.004795434,-0.001689255,0.001677186,0.00508203,0.008765646,0.01282576,0.01675616,0.02119716,0.02603689
-0.01469255,-0.01358176,-0.01221223,-0.01073314,-0.009358622,-0.008106701,-0.006931209,-0.005984629,-0.005502692,-0.005540499,-0.006055972,-0.006512864,-0.007004406,-0.008028714,-0.00967795,-0.01177203,-0.01390475,-0.01575767,-0.01742691,-0.01927059,-0.02140211,-0.02365429,-0.02583033,-0.02761466,-0.02916092,-0.03058815,-0.03178851,-0.03270974,-0.03330791,-0.03355315,-0.03356942,-0.03353148,-0.03338788,-0.03295292,-0.03209295,-0.03056636,-0.02837993,-0.02583455,-0.02300718,-0.02000386,-0.01669022,-0.01285795,-0.008561196,-0.004067389,0.000457737,0.005025515,0.009765182,0.01480095,0.01995308,0.02493142,0.02993555,0.03500802,0.04009089,0.04506006,0.04981302,0.05436991,0.05879154,0.06294936,0.06657936,0.06964994,0.07226696,0.07455678,0.07638988,0.07743034
-0.06544384,-0.06351321,-0.06154945,-0.05954526,-0.05735514,-0.05491885,-0.0523247,-0.04961823,-0.04719947,-0.04508018,-0.04287686,-0.04045862,-0.03779199,-0.03497767,-0.0322322,-0.02959536,-0.02690697,-0.02413028,-0.02143176,-0.01886062,-0.0166996,-0.01486594,-0.01304196,-0.01134398,-0.009818573,-0.008522866,-0.007595567,-0.006997765,-0.006605746,-0.006477669,-0.006697824,-0.007153809,-0.008026148,-0.009334002,-0.01076881,-0.01244415,-0.01425622,-0.01603611,-0.01785799,-0.0196858,-0.02141269,-0.02306652,-0.02463601,-0.02598191,-0.02731024,-0.02863858,-0.02965101,-0.03044036,-0.03099776,-0.03133354,-0.03167225,-0.03193135,-0.03191325,-0.03168885,-0.03141449,-0.03102078,-0.03064934,-0.03037177,-0.02982651,-0.02934085,-0.02898996,-0.02863115,-0.02827868,-0.0277656
0,0,0,0,0,0,0,0,0,0,0,0,0,0,0,0,0,0,0,0,0,0,0,0,0,0,0,0,0,0,0,0,0,0,0,0,0,0,0,0,0,0,0,0,0,0,0,0,0,0,0,0,0,0,0,0,0,0,0,0,0,0,0,0
0,0,0,0,0,0,0,0,0,0,0,0,0,0,0,0,0,0,0,0,0,0,0,0,0,0,0,0,0,0,0,0,0,0,0,0,0,0,0,0,0,0,0,0,0,0,0,0,0,0,0,0,0,0,0,0,0,0,0,0,0,0,0,0
0,0,0,0,0,0,0,0,0,0,0,0,0,0,0,0,0,0,0,0,0,0,0,0,0,0,0,0,0,0,0,0,0,0,0,0,0,0,0,0,0,0,0,0,0,0,0,0,0,0,0,0,0,0,0,0,0,0,0,0,0,0,0,0
0,0,0,0,0,0,0,0,0,0,0,0,0,0,0,0,0,0,0,0,0,0,0,0,0,0,0,0,0,0,0,0,0,0,0,0,0,0,0,0,0,0,0,0,0,0,0,0,0,0,0,0,0,0,0,0,0,0,0,0,0,0,0,0
0,0,0,0,0,0,0,0,0,0,0,0,0,0,0,0,0,0,0,0,0,0,0,0,0,0,0,0,0,0,0,0,0,0,0,0,0,0,0,0,0,0,0,0,0,0,0,0,0,0,0,0,0,0,0,0,0,0,0,0,0,0,0,0
0,0,0,0,0,0,0,0,0,0,0,0,0,0,0,0,0,0,0,0,0,0,0,0,0,0,0,0,0,0,0,0,0,0,0,0,0,0,0,0,0,0,0,0,0,0,0,0,0,0,0,0,0,0,0,0,0,0,0,0,0,0,0,0
0,0,0,0,0,0,0,0,0,0,0,0,0,0,0,0,0,0,0,0,0,0,0,0,0,0,0,0,0,0,0,0,0,0,0,0,0,0,0,0,0,0,0,0,0,0,0,0,0,0,0,0,0,0,0,0,0,0,0,0,0,0,0,0
0,0,0,0,0,0,0,0,0,0,0,0,0,0,0,0,0,0,0,0,0,0,0,0,0,0,0,0,0,0,0,0,0,0,0,0,0,0,0,0,0,0,0,0,0,0,0,0,0,0,0,0,0,0,0,0,0,0,0,0,0,0,0,0
0,0,0,0,0,0,0,0,0,0,0,0,0,0,0,0,0,0,0,0,0,0,0,0,0,0,0,0,0,0,0,0,0,0,0,0,0,0,0,0,0,0,0,0,0,0,0,0,0,0,0,0,0,0,0,0,0,0,0,0,0,0,0,0
0,0,0,0,0,0,0,0,0,0,0,0,0,0,0,0,0,0,0,0,0,0,0,0,0,0,0,0,0,0,0,0,0,0,0,0,0,0,0,0,0,0,0,0,0,0,0,0,0,0,0,0,0,0,0,0,0,0,0,0,0,0,0,0
0.06013858,0.06153981,0.06253967,0.06332205,0.06373285,0.0638518,0.06410837,0.06404381,0.06354089,0.06271574,0.06158878,0.06032886,0.05890465,0.05698119,0.05437072,0.05128393,0.04777614,0.04394157,0.03967901,0.034734,0.02937067,0.02383381,0.01815726,0.01231327,0.006220808,-8.379221E-05,-0.006417042,-0.01267318,-0.01889584,-0.0250977,-0.03122389,-0.03731212,-0.04327805,-0.04934963,-0.05544228,-0.06140912,-0.06722587,-0.07287382,-0.07839212,-0.08392353,-0.08938447,-0.0944652,-0.09936219,-0.1041811,-0.1088744,-0.1134091,-0.1173961,-0.1207951,-0.1238059,-0.1264915,-0.1287759,-0.1306046,-0.1319085,-0.1326618,-0.1332323,-0.1334305,-0.1329696,-0.131974,-0.1304691,-0.1286539,-0.1267055,-0.1245129,-0.1219461,-0.1190602
0,0,0,0,0,0,0,0,0,0,0,0,0,0,0,0,0,0,0,0,0,0,0,0,0,0,0,0,0,0,0,0,0,0,0,0,0,0,0,0,0,0,0,0,0,0,0,0,0,0,0,0,0,0,0,0,0,0,0,0,0,0,0,0
0,0,0,0,0,0,0,0,0,0,0,0,0,0,0,0,0,0,0,0,0,0,0,0,0,0,0,0,0,0,0,0,0,0,0,0,0,0,0,0,0,0,0,0,0,0,0,0,0,0,0,0,0,0,0,0,0,0,0,0,0,0,0,0
0,0,0,0,0,0,0,0,0,0,0,0,0,0,0,0,0,0,0,0,0,0,0,0,0,0,0,0,0,0,0,0,0,0,0,0,0,0,0,0,0,0,0,0,0,0,0,0,0,0,0,0,0,0,0,0,0,0,0,0,0,0,0,0
0,0,0,0,0,0,0,0,0,0,0,0,0,0,0,0,0,0,0,0,0,0,0,0,0,0,0,0,0,0,0,0,0,0,0,0,0,0,0,0,0,0,0,0,0,0,0,0,0,0,0,0,0,0,0,0,0,0,0,0,0,0,0,0
0.09907681,0.09747329,0.09572961,0.09391154,0.09198465,0.08998962,0.08791644,0.08561279,0.08319403,0.08058815,0.07795417,0.07557584,0.07345094,0.07151416,0.06970026,0.06792757,0.06619476,0.06459247,0.06309228,0.061763,0.06073206,0.0596626,0.05852201,0.05729338,0.05597439,0.05460175,0.0530147,0.05110174,0.0489304,0.04656788,0.04399544,0.04123883,0.03826495,0.03501398,0.03167234,0.02801234,0.02396537,0.01957192,0.01500751,0.010445,0.005857028,0.001066044,-0.004014101,-0.009363076,-0.01482996,-0.02010364,-0.02521012,-0.03035585,-0.03584215,-0.04179265,-0.04801136,-0.05420786,-0.0602417,-0.06617595,-0.07215102,-0.07818695,-0.08401154,-0.08940419,-0.09464388,-0.09984318,-0.1049751,-0.1097992,-0.1142679,-0.1184554
0,0,0,0,0,0,0,0,0,0,0,0,0,0,0,0,0,0,0,0,0,0,0,0,0,0,0,0,0,0,0,0,0,0,0,0,0,0,0,0,0,0,0,0,0,0,0,0,0,0,0,0,0,0,0,0,0,0,0,0,0,0,0,0
0,0,0,0,0,0,0,0,0,0,0,0,0,0,0,0,0,0,0,0,0,0,0,0,0,0,0,0,0,0,0,0,0,0,0,0,0,0,0,0,0,0,0,0,0,0,0,0,0,0,0,0,0,0,0,0,0,0,0,0,0,0,0,0
0,0,0,0,0,0,0,0,0,0,0,0,0,0,0,0,0,0,0,0,0,0,0,0,0,0,0,0,0,0,0,0,0,0,0,0,0,0,0,0,0,0,0,0,0,0,0,0,0,0,0,0,0,0,0,0,0,0,0,0,0,0,0,0
0,0,0,0,0,0,0,0,0,0,0,0,0,0,0,0,0,0,0,0,0,0,0,0,0,0,0,0,0,0,0,0,0,0,0,0,0,0,0,0,0,0,0,0,0,0,0,0,0,0,0,0,0,0,0,0,0,0,0,0,0,0,0,0
0,0,0,0,0,0,0,0,0,0,0,0,0,0,0,0,0,0,0,0,0,0,0,0,0,0,0,0,0,0,0,0,0,0,0,0,0,0,0,0,0,0,0,0,0,0,0,0,0,0,0,0,0,0,0,0,0,0,0,0,0,0,0,0
0,0,0,0,0,0,0,0,0,0,0,0,0,0,0,0,0,0,0,0,0,0,0,0,0,0,0,0,0,0,0,0,0,0,0,0,0,0,0,0,0,0,0,0,0,0,0,0,0,0,0,0,0,0,0,0,0,0,0,0,0,0,0,0
-0.04566729,-0.04961108,-0.05297887,-0.05579414,-0.05842095,-0.06090122,-0.06314489,-0.06540725,-0.06783721,-0.07043573,-0.07307892,-0.07560381,-0.07804557,-0.08072841,-0.08365083,-0.08640662,-0.0886196,-0.09002683,-0.09114479,-0.09214475,-0.09284402,-0.0931988,-0.09321974,-0.09304282,-0.09296835,-0.09307108,-0.09320116,-0.09343848,-0.09355742,-0.01477405,0,0,0,0,0,0,0,0,0,0,0,0,0,0,0,0,0,0,0,0,0,0,0,0,0,0,0,0,0,0,0,0,0,0
0,0,0,0,0,0,0,0,0,0,0,0,0,0,0,0,0,0,0,0,0,0,0,0,0,0,0,0,0,0,0,0,0,0,0,0,0,0,0,0,0,0,0,0,0,0,0,0,0,0,0,0,0,0,0,0,0,0,0,0,0,0,0,0
-0.1598814,-0.1539583,-0.1474662,-0.1403182,-0.1324449,-0.1238391,-0.1145305,-0.1045829,-0.0940815,-0.08306757,-0.07166769,-0.05993597,-0.04809245,-0.03614049,-0.02426548,-0.01249197,-0.0007335422,0.01098003,0.02249462,0.03361958,0.04414751,0.05403457,0.06350106,0.07210548,0.07964815,0.08625849,0.09199152,0.09681793,0.1004855,0.1026229,0.1032355,0.1026977,0.1011506,0.09842886,0.09452852,0.08929449,0.08274126,0.07521351,0.06665123,0.05723095,0.04721661,0.03665385,0.02555297,0.01408737,0.002498866,-0.008989103,-0.02005878,-0.03066562,-0.04100107,-0.05058982,-0.05926073,-0.06696361,-0.0737277,-0.07972936,-0.08504494,-0.08958073,-0.09325977,-0.09612186,-0.09823603,-0.09969988,-0.1005128,-0.1005442,-0.09974936,-0.09812314
0,0,0,0,0,0,0,0,0,0,0,0,0,0,0,0,0,0,0,0,0,0,0,0,0,0,0,0,0,0,0,0,0,0,0,0,0,0,0,0,0,0,0,0,0,0,0,0,0,0,0,0,0,0,0,0,0,0,0,0,0,0,0,0
0,0,0,0,0,0,0,0,0,0,0,0,0,0,0,0,0,0,0,0,0,0,0,0,0,0,0,0,0,0,0,0,0,0,0,0,0,0,0,0,0,0,0,0,0,0,0,0,0,0,0,0,0,0,0,0,0,0,0,0,0,0,0,0
0,0,0,0,0,0,0,0,0,0,0,0,0,0,0,0,0,0,0,0,0,0,0,0,0,0,0,0,0,0,0,0,0,0,0,0,0,0,0,0,0,0,0,0,0,0,0,0,0,0,0,0,0,0,0,0,0,0,0,0,0,0,0,0
0,0,0,0,0,0,0,0,0,0,0,0,0,0,0,0,0,0,0,0,0,0,0,0,0,0,0,0,0,0,0,0,0,0,0,0,0,0,0,0,0,0,0,0,0,0,0,0,0,0,0,0,0,0,0,0,0,0,0,0,0,0,0,0
0,0,0,0,0,0,0,0,0,0,0,0,0,0,0,0,0,0,0,0,0,0,0,0,0,0,0,0,0,0,0,0,0,0,0,0,0,0,0,0,0,0,0,0,0,0,0,0,0,0,0,0,0,0,0,0,0,0,0,0,0,0,0,0
0,0,0,0,0,0,0,0,0,0,0,0,0,0,0,0,0,0,0,0,0,0,0,0,0,0,0,0,0,0,0,0,0,0,0,0,0,0,0,0,0,0,0,0,0,0,0,0,0,0,0,0,0,0,0,0,0,0,0,0,0,0,0,0
0,0,0,0,0,0,0,0,0,0,0,0,0,0,0,0,0,0,0,0,0,0,0,0,0,0,0,0,0,0,0,0,0,0,0,0,0,0,0,0,0,0,0,0,0,0,0,0,0,0,0,0,0,0,0,0,0,0,0,0,0,0,0,0
0,0,0,0,0,0,0,0,0,0,0,0,0,0,0,0,0,0,0,0,0,0,0,0,0,0,0,0,0,0,0,0,0,0,0,0,0,0,0,0,0,0,0,0,0,0,0,0,0,0,0,0,0,0,0,0,0,0,0,0,0,0,0,0
0,0,0,0,0,0,0,0,0,0,0,0,0,0,0,0,0,0,0,0,0,0,0,0,0,0,0,0,0,0,0,0,0,0,0,0,0,0,0,0,0,0,0,0,0,0,0,0,0,0,0,0,0,0,0,0,0,0,0,0,0,0,0,0
0,0,0,0,0,0,0,0,0,0,0,0,0,0,0,0,0,0,0,0,0,0,0,0,0,0,0,0,0,0,0,0,0,0,0,0,0,0,0,0,0,0,0,0,0,0,0,0,0,0,0,0,0,0,0,0,0,0,0,0,0,0,0,0
-0.009866042,-0.002241582,0,0,0,0,0,0,0,0,0,0,0,0,0,0,0,0,0,0,0,0,0,0,0,0,0,0,0,0,0,0,0,0,0,0,0,0,0,0,0,0,0,0,0,0,0,0,0,0,0,0,0,0,0,0,0,0,0,0,0,0,0,0
0.05147917,0.0473133,0.04333464,0.03936775,0.03526808,0.03105996,0.02676491,0.02252853,0.01848405,0.01438345,0.01021167,0.005952405,0.001629671,-0.002560165,-0.006485233,-0.0101457,-0.01357123,-0.01675246,-0.01965673,-0.0222526,-0.02451275,-0.02665742,-0.02876362,-0.03073924,-0.03250033,-0.03400202,-0.03526406,-0.03637905,-0.0374357,-0.03845621,-0.03946831,-0.0405837,-0.04175343,-0.04302208,-0.04432701,-0.04553784,-0.04671286,-0.04792091,-0.04910603,-0.05019106,-0.05111953,-0.05183192,-0.05227927,-0.05239911,-0.05204805,-0.05115589,-0.04989227,-0.04841856,-0.04685153,-0.04511902,-0.04301431,-0.04040048,-0.03726865,-0.03371814,-0.0299194,-0.02598577,-0.02186725,-0.01748573,-0.01281753,-0.007965027,-0.003087861,0.001775452,0.00665699,0.01152294
0.01024643,0.007960377,0.006188808,0.004781508,0.003576868,0.002426967,0.001807664,0.001819508,0.002318585,0.003258766,0.004657965,0.006548822,0.009009633,0.01203658,0.01546591,0.01915212,0.02312849,0.0275397,0.03247635,0.03807675,0.04374382,0.04914525,0.05447176,0.05996487,0.06562395,0.07112794,0.07607573,0.08041531,0.08452846,0.0885485,0.09205768,0.09465595,0.0963695,0.09733675,0.09770454,0.09736851,0.09624515,0.09437735,0.09170881,0.08810075,0.08371667,0.07864006,0.07279143,0.06633777,0.05935939,0.05187292,0.04406575,0.03610003,0.02810113,0.02018327,0.01243173,0.004922915,-0.002201417,-0.008807377,-0.01508596,-0.02083546,-0.02610908,-0.03079697,-0.03493286,-0.03878743,-0.04240482,-0.04576067,-0.04897246,-0.05217219
-0.01158612,-0.01034898,-0.008920752,-0.007473463,-0.006045016,-0.00466882,-0.003147478,-0.001540486,4.974863E-05,0.00171675,0.003514543,0.005325504,0.007046102,0.008642649,0.009967056,0.01123591,0.01231095,0.01285269,0.01305864,0.01295735,0.01251172,0.0117471,0.01048949,0.008534167,0.005972412,0.002987785,-0.0004190784,-0.003989548,-0.007934898,-0.01260696,-0.01765723,-0.0229629,-0.02833571,-0.03356352,-0.03869739,-0.04377564,-0.04858474,-0.05300415,-0.05720701,-0.06096123,-0.06433163,-0.06742141,-0.06981626,-0.07174662,-0.07338233,-0.07460131,-0.0754435,-0.07591634,-0.07594626,-0.07569431,-0.07531202,-0.07442089,-0.07323134,-0.07217652,-0.07103828,-0.06990411,-0.06852227,-0.06672949,-0.06487267,-0.06319781,-0.06158384,-0.05992369,-0.05822613,-0.05630034
-0.01158612,-0.01034898,-0.008920752,-0.007473463,-0.006045016,-0.00466882,-0.003147478,-0.001540486,4.974863E-05,0.00171675,0.003514543,0.005325504,0.007046102,0.008642649,0.009967056,0.01123591,0.01231095,0.01285269,0.01305864,0.01295735,0.01251172,0.0117471,0.01048949,0.008534167,0.005972412,0.002987785,-0.0004190784,-0.003989548,-0.007934898,-0.01260696,-0.01765723,-0.0229629,-0.02833571,-0.03356352,-0.03869739,-0.04377564,-0.04858474,-0.05300415,-0.05720701,-0.06096123,-0.06433163,-0.06742141,-0.06981626,-0.07174662,-0.07338233,-0.07460131,-0.0754435,-0.07591634,-0.07594626,-0.07569431,-0.07531202,-0.07442089,-0.07323134,-0.07217652,-0.07103828,-0.06990411,-0.06852227,-0.06672949,-0.06487267,-0.06319781,-0.06158384,-0.05992369,-0.05822613,-0.05630034
0,0,0,0,0,0,0,0,0,0,0,0,0,0,0,0,0,0,0,0,0,0,0,0,0,0,0,0,0,0,0,0,0,0,0,0,0,0,0,0,0,0,0,0,0,0,0,0,0,0,0,0,0,0,0,0,0,0,0,0,0,0,0,0
0,0,0,0,0,0,0,0,0,0,0,0,0,0,0,0,0,0,0,0,0,0,0,0,0,0,0,0,0,0,0,0,0,0,0,0,0,0,0,0,0,0,0,0,0,0,0,0,0,0,0,0,0,0,0,0,0,0,0,0,0,0,0,0
0,0,0,0,0,0,0,0,0,0,0,0,0,0,0,0,0,0,0,0,0,0,0,0,0,0,0,0,0,0,0,0,0,0,0,0,0,0,0,0,0,0,0,0,0,0,0,0,0,0,0,0,0,0,0,0,0,0,0,0,0,0,0,0
0,0,0,0,0,0,0,0,0,0,0,0,0,0,0,0,0,0,0,0,0,0,0,0,0,0,0,0,0,0,0,0,0,0,0,0,0,0,0,0,0,0,0,0,0,0,0,0,0,0,0,0,0,0,0,0,0,0,0,0,0,0,0,0
0,0,0,0,0,0,0,0,0,0,0,0,0,0,0,0,0,0,0,0,0,0,0,0,0,0,0,0,0,0,0,0,0,0,0,0,0,0,0,0,0,0,0,0,0,0,0,0,0,0,0,0,0,0,0,0,0,0,0,0,0,0,0,0
0,0,0,0,0,0,0,0,0,0,0,0,0,0,0,0,0,0,0,0,0,0,0,0,0,0,0,0,0,0,0,0,0,0,0,0,0,0,0,0,0,0,0,0,0,0,0,0,0,0,0,0,0,0,0,0,0,0,0,0,0,0,0,0
0,0,0,0,0,0,0,0,0,0,0,0,0,0,0,0,0,0,0,0,0,0,0,0,0,0,0,0,0,0,0,0,0,0,0,0,0,0,0,0,0,0,0,0,0,0,0,0,0,0,0,0,0,0,0,0,0,0,0,0,0,0,0,0
0,0,0,0,0,0,0,0,0,0,0,0,0,0,0,0,0,0,0,0,0,0,0,0,0,0,0,0,0,0,0,0,0,0,0,0,0,0,0,0,0,0,0,0,0,0,0,0,0,0,0,0,0,0,0,0,0,0,0,0,0,0,0,0
0,0,0,0,0,0,0,0,0,0,0,0,0,0,0,0,0,0,0,0,0,0,0,0,0,0,0,0,0,0,0,0,0,0,0,0,0,0,0,0,0,0,0,0,0,0,0,0,0,0,0,0,0,0,0,0,0,0,0,0,0,0,0,0
0.1470223,0.1372267,0.1267104,0.1154889,0.1037023,0.09157854,0.07928278,0.06686961,0.05424156,0.04151367,0.02886352,0.01636614,0.004048315,-0.008185845,-0.02053475,-0.03284662,-0.04490656,-0.05660818,-0.06804357,-0.07921184,-0.09017085,-0.1008324,-0.1110524,-0.1207948,-0.1300446,-0.1386546,-0.1466181,-0.154129,-0.1609689,-0.1670095,-0.1719924,-0.1758323,-0.1786962,-0.1806565,-0.1815534,-0.1812164,-0.179638,-0.1768916,-0.1730871,-0.1683952,-0.1627051,-0.1557806,-0.147748,-0.138613,-0.128631,-0.1180654,-0.106982,-0.09532362,-0.08309584,-0.07040817,-0.05740238,-0.04440247,-0.03149582,-0.01845447,-0.005531477,0.007186317,0.01947748,0.03107275,0.04206143,0.05264129,0.06278715,0.07225554,0.08074681,0.08056483
0,0,0,0,0,0,0,0,0,0,0,0,0,0,0,0,0,0,0,0,0,0,0,0,0,0,0,0,0,0,0,0,0,0,0,0,0,0,0,0,0,0,0,0,0,0,0,0,0,0,0,0,0,0,0,0,0,0,0,0,0,0,0,0
0,0,0,0,0,0,0,0,0,0,0,0,0,0,0,0,0,0,0,0,0,0,0,0,0,0,0,0,0,0,0,0,0,0,0,0,0,0,0,0,0,0,0,0,0,0,0,0,0,0,0,0,0,0,0,0,0,0,0,0,0,0,0,0
0,0,0,0,0,0,0,0,0,0,0,0,0,0,0,0,0,0,0,0,0,0,0,0,0,0,0,0,0,0,0,0,0,0,0,0,0,0,0,0,0,0,0,0,0,0,0,0,0,0,0,0,0,0,0,0,0,0,0,0,0,0,0,0
0,0,0,0,0,0,0,0,0,0,0,0,0,0,0,0,0,0,0,0,0,0,0,0,0,0,0,0,0,0,0,0,0,0,0,0,0,0,0,0,0,0,0,0,0,0,0,0,0,0,0,0,0,0,0,0,0,0,0,0,0,0,0,0
0,0,0,0,0,0,0,0,0,0,0,0,0,0,0,0,0,0,0,0,0,0,0,0,0,0,0,0,0,0,0,0,0,0,0,0,0,0,0,0,0,0,0,0,0,0,0,0,0,0,0,0,0,0,0,0,0,0,0,0,0,0,0,0
0,0,0,0,0,0,0,0,0,0,0,0,0,0,0,0,0,0,0,0,0,0,0,0,0,0,0,0,0,0,0,0,0,0,0,0,0,0,0,0,0,0,0,0,0,0,0,0,0,0,0,0,0,0,0,0,0,0,0,0,0,0,0,0
0,0,0,0,0,0,0,0,0,0,0,0,0,0,0,0,0,0,0,0,0,0,0,0,0,0,0,0,0,0,0,0,0,0,0,0,0,0,0,0,0,0,0,0,0,0,0,0,0,0,0,0,0,0,0,0,0,0,0,0,0,0,0,0
0,0,0,0,0,0,0,0,0,0,0,0,0,0,0,0,0,0,0,0,0,0,0,0,0,0,0,0,0,0,0,0,0,0,0,0,0,0,0,0,0,0,0,0,0,0,0,0,0,0,0,0,0,0,0,0,0,0,0,0,0,0,0,0
0,0,0,0,0,0,0,0,0,0,0,0,0,0,0,0,0,0,0,0,0,0,0,0,0,0,0,0,0,0,0,0,0,0,0,0,0,0,0,0,0,0,0,0,0,0,0,0,0,0,0,0,0,0,0,0,0,0,0,0,0,0,0,0
0,0,0,0,0,0,0,0,0,0,0,0,0,0,0,0,0,0,0,0,0,0,0,0,0,0,0,0,0,0,0,0,0,0,0,0,0,0,0,0,0,0,0,0,0,0,0,0,0,0,0,0,0,0,0,0,0,0,0,0,0,0,0,0
0,0,0,0,0,0,0,0,0,0,0,0,0,0,0,0,0,0,0,0,0,0,0,0,0,0,0,0,0,0,0,0,0,0,0,0,0,0,0,0,0,0,0,0,0,0,0,0,0,0,0,0,0,0,0,0,0,0,0,0,0,0,0,0
0,0,0,0,0,0,0,0,0,0,0,0,0,0,0,0,0,0,0,0,0,0,0,0,0,0,0,0,0,0,0,0,0,0,0,0,0,0,0,0,0,0,0,0,0,0,0,0,0,0,0,0,0,0,0,0,0,0,0,0,0,0,0,0
0,0,0,0,0,0,0,0,0,0,0,0,0,0,0,0,0,0,0,0,0,0,0,0,0,0,0,0,0,0,0,0,0,0,0,0,0,0,0,0,0,0,0,0,0,0,0,0,0,0,0,0,0,0,0,0,0,0,0,0,0,0,0,0
-0.1558905,-0.1603691,-0.1646902,-0.1687203,-0.1718767,-0.1748506,-0.1775102,-0.1795048,-0.1814764,-0.1828548,-0.1834868,-0.1838456,-0.1838664,-0.1832929,-0.1823026,-0.1807936,-0.1783537,-0.1757292,-0.1726958,-0.1686487,-0.1643081,-0.1594042,-0.1539863,-0.1485553,-0.1429134,-0.1368468,-0.1307474,-0.1247512,-0.118481,-0.1124386,-0.1064909,-0.1002206,-0.09460726,-0.0892967,-0.08405656,-0.07915733,-0.07449884,-0.07002015,-0.06597191,-0.06229433,-0.05851899,-0.05503713,-0.05190464,-0.04869411,-0.04603279,-0.04361164,-0.04123253,-0.03919085,-0.0373363,-0.03557156,-0.03410694,-0.03295156,-0.03186763,-0.03118356,-0.03076722,-0.03035087,-0.03031876,-0.03038493,-0.03049381,-0.03079528,-0.0311241,-0.03145884,-0.03192535,-0.03245211
0,0,0,0,0,0,0,0,0,0,0,0,0,0,0,0,0,0,0,0,0,0,0,0,0,0,0,0,0,0,0,0,0,0,0,0,0,0,0,0,0,0,0,0,0,0,0,0,0,0,0,0,0,0,0,0,0,0,0,0,0,0,0,0
0,0,0,0,0,0,0,0,0,0,0,0,0,0,0,0,0,0,0,0,0,0,0,0,0,0,0,0,0,0,0,0,0,0,0,0,0,0,0,0,0,0,0,0,0,0,0,0,0,0,0,0,0,0,0,0,0,0,0,0,0,0,0,0
0,0,0,0,0,0,0,0,0,0,0,0,0,0,0,0,0,0,0,0,0,0,0,0,0,0,0,0,0,0,0,0,0,0,0,0,0,0,0,0,0,0,0,0,0,0,0,0,0,0,0,0,0,0,0,0,0,0,0,0,0,0,0,0
0,0,0,0,0,0,0,0,0,0,0,0,0,0,0,0,0,0,0,0,0,0,0,0,0,0,0,0,0,0,0,0,0,0,0,0,0,0,0,0,0,0,0,0,0,0,0,0,0,0,0,0,0,0,0,0,0,0,0,0,0,0,0,0
0,0,0,0,0,0,0,0,0,0,0,0,0,0,0,0,0,0,0,0,0,0,0,0,0,0,0,0,0,0,0,0,0,0,0,0,0,0,0,0,0,0,0,0,0,0,0,0,0,0,0,0,0,0,0,0,0,0,0,0,0,0,0,0
0,0,0,0,0,0,0,0,0,0,0,0,0,0,0,0,0,0,0,0,0,0,0,0,0,0,0,0,0,0,0,0,0,0,0,0,0,0,0,0,0,0,0,0,0,0,0,0,0,0,0,0,0,0,0,0,0,0,0,0,0,0,0,0
0,0,0,0,0,0,0,0,0,0,0,0,0,0,0,0,0,0,0,0,0,0,0,0,0,0,0,0,0,0,0,0,0,0,0,0,0,0,0,0,0,0,0,0,0,0,0,0,0,0,0,0,0,0,0,0,0,0,0,0,0,0,0,0
0,0,0,0,0,0,0,0,0,0,0,0,0,0,0,0,0,0,0,0,0,0,0,0,0,0,0,0,0,0,0,0,0,0,0,0,0,0,0,0,0,0,0,0,0,0,0,0,0,0,0,0,0,0,0,0,0,0,0,0,0,0,0,0
0,0,0,0,0,0,0,0,0,0,0,0,0,0,0,0,0,0,0,0,0,0,0,0,0,0,0,0,0,0,0,0,0,0,0,0,0,0,0,0,0,0,0,0,0,0,0,0,0,0,0,0,0,0,0,0,0,0,0,0,0,0,0,0
0,0,0,0,0,0,0,0,0,0,0,0,0,0,0,0,0,0,0,0,0,0,0,0,0,0,0,0,0,0,0,0,0,0,0,0,0,0,0,0,0,0,0,0,0,0,0,0,0,0,0,0,0,0,0,0,0,0,0,0,0,0,0,0
0,0,0,0,0,0,0,0,0,0,0,0,0,0,0,0,0,0,0,0,0,0,0,0,0,0,0,0,0,0,0,0,0,0,0,0,0,0,0,0,0,0,0,0,0,0,0,0,0,0,0,0,0,0,0,0,0,0,0,0,0,0,0,0
-0.08266852,-0.08491302,-0.08674928,-0.08789918,-0.08865359,-0.08889183,-0.08862129,-0.08787188,-0.08654619,-0.0846987,-0.08230939,-0.07932356,-0.07586784,-0.07192392,-0.06743027,-0.06275136,-0.05749128,-0.0520414,-0.04644253,-0.04057207,-0.03466628,-0.02872358,-0.02277831,-0.01701634,-0.0114613,-0.006043121,-0.001078271,0.003579087,0.007841651,0.01152314,0.01490519,0.01778172,0.0201625,0.0220511,0.02333035,0.02404227,0.02430993,0.02403232,0.0233067,0.02204141,0.0202769,0.01811974,0.01551527,0.01262609,0.009362958,0.005765948,0.001949298,-0.002095431,-0.006331743,-0.01058736,-0.01494321,-0.01924428,-0.02320946,-0.02707845,-0.03057732,-0.03364948,-0.03644165,-0.03869326,-0.04037331,-0.04159154,-0.04223675,-0.04222225,-0.04183749,-0.04089419
0.05132014,0.05792259,0.06411006,0.06989814,0.07547735,0.08053651,0.08496001,0.08875055,0.09188295,0.09442144,0.09645423,0.09776612,0.09862523,0.09896226,0.0987981,0.09833089,0.09736372,0.09617365,0.0948636,0.09317232,0.0911179,0.0889975,0.0867775,0.08433091,0.08169638,0.07874233,0.07557815,0.07202432,0.06790135,0.06356958,0.05902654,0.05410906,0.04889425,0.04352562,0.03795312,0.03221358,0.02652512,0.02085492,0.01512579,0.009610779,0.004135146,-0.001135447,-0.006178281,-0.01110213,-0.01573457,-0.02000503,-0.02407598,-0.02773913,-0.03086403,-0.03374901,-0.03610829,-0.03813586,-0.03983812,-0.04111063,-0.04195767,-0.04229771,-0.04216446,-0.04171269,-0.04104405,-0.04011893,-0.03884871,-0.03744644,-0.03615776,-0.03477424
0,0,0,0,0,0,0,0,0,0,0,0,0,0,0,0,0,0,0,0,0,0,0,0,0,0,0,0,0,0,0,0,0,0,0,0,0,0,0,0,0,0,0,0,0,0,0,0,0,0,0,0,0,0,0,0,0,0,0,0,0,0,0,0
0,0,0,0,0,0,0,0,0,0,0,0,0,0,0,0,0,0,0,0,0,0,0,0,0,0,0,0,0,0,0,0,0,0,0,0,0,0,0,0,0,0,0,0,0,0,0,0,0,0,0,0,0,0,0,0,0,0,0,0,0,0,0,0
0.04128321,0.04016815,0.03868225,0.03682446,0.03459346,0.03196898,0.02896498,0.02558334,0.02185608,0.01779226,0.01348785,0.008978888,0.004324873,-0.0004439644,-0.005301376,-0.01021472,-0.01513209,-0.01998123,-0.02470443,-0.02920494,-0.0333882,-0.03722519,-0.04070192,-0.04375427,-0.04627504,-0.04822333,-0.0495619,-0.05022433,-0.05015691,-0.04932766,-0.0476817,-0.04520439,-0.04189347,-0.03757395,-0.03236878,-0.02632686,-0.01949716,-0.01194138,-0.003746839,0.004988562,0.0141669,0.02369027,0.03344875,0.04330446,0.05317383,0.0628885,0.07241756,0.08159779,0.09034131,0.09853988,0.1061024,0.1129374,0.1189873,0.1242168,0.1285744,0.1320435,0.134608,0.1362139,0.1368456,0.1365556,0.1353127,0.1331812,0.1301701,0.1263458
0,0,0,0,0,0,0,0,0,0,0,0,0,0,0,0,0,0,0,0,0,0,0,0,0,0,0,0,0,0,0,0,0,0,0,0,0,0,0,0,0,0,0,0,0,0,0,0,0,0,0,0,0,0,0,0,0,0,0,0,0,0,0,0
0,0,0,0,0,0,0,0,0,0,0,0,0,0,0,0,0,0,0,0,0,0,0,0,0,0,0,0,0,0,0,0,0,0,0,0,0,0,0,0,0,0,0,0,0,0,0,0,0,0,0,0,0,0,0,0,0,0,0,0,0,0,0,0
0,0,0,0,0,0,0,0,0,0,0,0,0,0,0,0,0,0,0,0,0,0,0,0,0,0,0,0,0,0,0,0,0,0,0,0,0,0,0,0,0,0,0,0,0,0,0,0,0,0,0,0,0,0,0,0,0,0,0,0,0,0,0,0
0,0,0,0,0,0,0,0,0,0,0,0,0,0,0,0,0,0,0,0,0,0,0,0,0,0,0,0,0,0,0,0,0,0,0,0,0,0,0,0,0,0,0,0,0,0,0,0,0,0,0,0,0,0,0,0,0,0,0,0,0,0,0,0
0,0,0,0,0,0,0,0,0,0,0,0,0,0,0,0,0,0,0,0,0,0,0,0,0,0,0,0,0,0,0,0,0,0,0,0,0,0,0,0,0,0,0,0,0,0,0,0,0,0,0,0,0,0,0,0,0,0,0,0,0,0,0,0
0,0,0,0,0,0,0,0,0,0,0,0,0,0,0,0,0,0,0,0,0,0,0,0,0,0,0,0,0,0,0,0,0,0,0,0,0,0,0,0,0,0,0,0,0,0,0,0,0,0,0,0,0,0,0,0,0,0,0,0,0,0,0,0
0,0,0,0,0,0,0,0,0,0,0,0,0,0,0,0,0,0,0,0,0,0,0,0,0,0,0,0,0,0,0,0,0,0,0,0,0,0,0,0,0,0,0,0,0,0,0,0,0,0,0,0,0,0,0,0,0,0,0,0,0,0,0,0
0,0,0,0,0,0,0,0,0,0,0,0,0,0,0,0,0,0,0,0,0,0,0,0,0,0,0,0,0,0,0,0,0,0,0,0,0,0,0,0,0,0,0,0,0,0,0,0,0,0,0,0,0,0,0,0,0,0,0,0,0,0,0,0
0,0,0,0,0,0,0,0,0,0,0,0,0,0,0,0,0,0,0,0,0,0,0,0,0,0,0,0,0,0,0,0,0,0,0,0,0,0,0,0,0,0,0,0,0,0,0,0,0,0,0,0,0,0,0,0,0,0,0,0,0,0,0,0
0.02471808,0.02873061,0.032082,0.03472855,0.03675186,0.03816424,0.03900163,0.03944804,0.0395564,0.03929437,0.03897716,0.03858193,0.0380079,0.03760509,0.0373052,0.03710259,0.03719095,0.03761412,0.03834815,0.03951265,0.04109007,0.0427631,0.0448703,0.04748732,0.05032382,0.05352603,0.05695992,0.06048837,0.06425146,0.06818651,0.0721474,0.07621665,0.08045363,0.08459975,0.0887662,0.09300895,0.09702572,0.1010476,0.105011,0.1087664,0.112505,0.1161509,0.1195188,0.1226909,0.125767,0.1284816,0.1308491,0.1330497,0.1346693,0.1359934,0.1369807,0.1373424,0.1372341,0.1366794,0.1355214,0.1338502,0.1319087,0.1295696,0.1268604,0.1240236,0.120792,0.1174515,0.1142813,0.1110316
0.05674058,0.05510733,0.05363602,0.05217186,0.0505799,0.04893685,0.04710263,0.04489823,0.0425786,0.03992246,0.03690714,0.03374301,0.03025547,0.02645211,0.02251666,0.01845686,0.01422753,0.01001747,0.005901851,0.001727884,-0.002296769,-0.006225251,-0.01029062,-0.01426466,-0.01822398,-0.02229915,-0.02639042,-0.03054818,-0.03495482,-0.03958046,-0.04435173,-0.04948553,-0.05481868,-0.06031004,-0.06618024,-0.07218595,-0.07825655,-0.08456002,-0.09090656,-0.09714509,-0.1033233,-0.1093742,-0.1151155,-0.1207282,-0.126186,-0.131083,-0.1358315,-0.1402673,-0.1442424,-0.1480088,-0.1515167,-0.1547008,-0.1576902,-0.1605123,-0.1629956,-0.1652815,-0.1674565,-0.1691615,-0.1706564,-0.1719873,-0.1729683,-0.1737913,-0.1744393,-0.1747877
0,0,0,0,0,0,0,0,0,0,0,0,0,0,0,0,0,0,0,0,0,0,0,0,0,0,0,0,0,0,0,0,0,0,0,0,0,0,0,0,0,0,0,0,0,0,0,0,0,0,0,0,0,0,0,0,0,0,0,0,0,0,0,0
0,0,0,0,0,0,0,0,0,0,0,0,0,0,0,0,0,0,0,0,0,0,0,0,0,0,0,0,0,0,0,0,0,0,0,0,0,0,0,0,0,0,0,0,0,0,0,0,0,0,0,0,0,0,0,0,0,0,0,0,0,0,0,0
0,0,0,0,0,0,0,0,0,0,0,0,0,0,0,0,0,0,0,0,0,0,0,0,0,0,0,0,0,0,0,0,0,0,0,0,0,0,0,0,0,0,0,0,0,0,0,0,0,0,0,0,0,0,0,0,0,0,0,0,0,0,0,0
0,0,0,0,0,0,0,0,0,0,0,0,0,0,0,0,0,0,0,0,0,0,0,0,0,0,0,0,0,0,0,0,0,0,0,0,0,0,0,0,0,0,0,0,0,0,0,0,0,0,0,0,0,0,0,0,0,0,0,0,0,0,0,0
0,0,0,0,0,0,0,0,0,0,0,0,0,0,0,0,0,0,0,0,0,0,0,0,0,0,0,0,0,0,0,0,0,0,0,0,0,0,0,0,0,0,0,0,0,0,0,0,0,0,0,0,0,0,0,0,0,0,0,0,0,0,0,0
0,0,0,0,0,0,0,0,0,0,0,0,0,0,0,0,0,0,0,0,0,0,0,0,0,0,0,0,0,0,0,0,0,0,0,0,0,0,0,0,0,0,0,0,0,0,0,0,0,0,0,0,0,0,0,0,0,0,0,0,0,0,0,0
0,0,0,0,0,0,0,0,0,0,0,0,0,0,0,0,0,0,0,0,0,0,0,0,0,0,0,0,0,0,0,0,0,0,0,0,0,0,0,0,0,0,0,0,0,0,0,0,0,0,0,0,0,0,0,0,0,0,0,0,0,0,0,0
0,0,0,0,0,0,0,0,0,0,0,0,0,0,0,0,0,0,0,0,0,0,0,0,0,0,0,0,0,0,0,0,0,0,0,0,0,0,0,0,0,0,0,0,0,0,0,0,0,0,0,0,0,0,0,0,0,0,0,0,0,0,0,0
0,0,0,0,0,0,0,0,0,0,0,0,0,0,0,0,0,0,0,0,0,0,0,0,0,0,0,0,0,0,0,0,0,0,0,0,0,0,0,0,0,0,0,0,0,0,0,0,0,0,0,0,0,0,0,0,0,0,0,0,0,0,0,0
0,0,0,0,0,0,0,0,0,0,0,0,0,0,0,0,0,0,0,0,0,0,0,0,0,0,0,0,0,0,0,0,0,0,0,0,0,0,0,0,0,0,0,0,0,0,0,0,0,0,0,0,0,0,0,0,0,0,0,0,0,0,0,0
0,0,0,0,0,0,0,0,0,0,0,0,0,0,0,0,0,0,0,0,0,0,0,0,0,0,0,0,0,0,0,0,0,0,0,0,0,0,0,0,0,0,0,0,0,0,0,0,0,0,0,0,0,0,0,0,0,0,0,0,0,0,0,0
0.02033158,0.02048062,0.02084427,0.02137957,0.02215961,0.02314045,0.02428945,0.02557397,0.02694956,0.02835719,0.02978975,0.03125031,0.0327072,0.03420633,0.03577128,0.0373177,0.03894158,0.0405673,0.04219303,0.04383285,0.04549075,0.04715613,0.04885688,0.05058029,0.05224413,0.05384643,0.05541601,0.05682333,0.05815166,0.05937108,0.06031808,0.06116631,0.06184429,0.06232768,0.06269604,0.06291096,0.06291903,0.06289095,0.06281487,0.06262341,0.06264324,0.06268176,0.06275529,0.06304718,0.06343091,0.0640026,0.06482553,0.06578535,0.06684668,0.06810037,0.06936341,0.07060304,0.07201067,0.07326446,0.07446106,0.07557198,0.07645284,0.07716035,0.07766811,0.07790542,0.07790227,0.07770004,0.077219,0.07650473
0.03997017,0.04536376,0.05028795,0.054726,0.05861805,0.06192433,0.06466722,0.0668957,0.0686437,0.06996778,0.07097851,0.07172712,0.07228031,0.07275613,0.07313916,0.07354946,0.074026,0.07456154,0.07520901,0.07591296,0.0766149,0.07731606,0.07795843,0.07847707,0.07887806,0.07899702,0.07881045,0.0783347,0.07753862,0.07641723,0.0749947,0.07329335,0.07136378,0.06925348,0.0669726,0.06456372,0.06210063,0.05958274,0.05700595,0.05439282,0.05172742,0.04903655,0.04634023,0.04358957,0.04079412,0.0379913,0.03513677,0.03216343,0.02909133,0.02585832,0.02254739,0.01919963,0.01578238,0.01236742,0.009023177,0.005792115,0.002755145,1.860178E-05,-0.00235649,-0.00436134,-0.005971236,-0.007201607,-0.008034294,-0.008392954
0,0,0,0,0,0,0,0,0,0,0,0,0,0,0,0,0,0,0,0,0,0,0,0,0,0,0,0,0,0,0,0,0,0,0,0,0,0,0,0,0,0,0,0,0,0,0,0,0,0,0,0,0,0,0,0,0,0,0,0,0,0,0,0
0,0,0,0,0,0,0,0,0,0,0,0,0,0,0,0,0,0,0,0,0,0,0,0,0,0,0,0,0,0,0,0,0,0,0,0,0,0,0,0,0,0,0,0,0,0,0,0,0,0,0,0,0,0,0,0,0,0,0,0,0,0,0,0
0,0,0,0,0,0,0,0,0,0,0,0,0,0,0,0,0,0,0,0,0,0,0,0,0,0,0,0,0,0,0,0,0,0,0,0,0,0,0,0,0,0,0,0,0,0,0,0,0,0,0,0,0,0,0,0,0,0,0,0,0,0,0,0
0,0,0,0,0,0,0,0,0,0,0,0,0,0,0,0,0,0,0,0,0,0,0,0,0,0,0,0,0,0,0,0,0,0,0,0,0,0,0,0,0,0,0,0,0,0,0,0,0,0,0,0,0,0,0,0,0,0,0,0,0,0,0,0
0,0,0,0,0,0,0,0,0,0,0,0,0,0,0,0,0,0,0,0,0,0,0,0,0,0,0,0,0,0,0,0,0,0,0,0,0,0,0,0,0,0,0,0,0,0,0,0,0,0,0,0,0,0,0,0,0,0,0,0,0,0,0,0
0,0,0,0,0,0,0,0,0,0,0,0,0,0,0,0,0,0,0,0,0,0,0,0,0,0,0,0,0,0,0,0,0,0,0,0,0,0,0,0,0,0,0,0,0,0,0,0,0,0,0,0,0,0,0,0,0,0,0,0,0,0,0,0
0,0,0,0,0,0,0,0,0,0,0,0,0,0,0,0,0,0,0,0,0,0,0,0,0,0,0,0,0,0,0,0,0,0,0,0,0,0,0,0,0,0,0,0,0,0,0,0,0,0,0,0,0,0,0,0,0,0,0,0,0,0,0,0
0,0,0,0,0,0,0,0,0,0,0,0,0,0,0,0,0,0,0,0,0,0,0,0,0,0,0,0,0,0,0,0,0,0,0,0,0,0,0,0,0,0,0,0,0,0,0,0,0,0,0,0,0,0,0,0,0,0,0,0,0,0,0,0
0,0,0,0,0,0,0,0,0,0,0,0,0,0,0,0,0,0,0,0,0,0,0,0,0,0,0,0,0,0,0,0,0,0,0,0,0,0,0,0,0,0,0,0,0,0,0,0,0,0,0,0,0,0,0,0,0,0,0,0,0,0,0,0
0,0,0,0,0,0,0,0,0,0,0,0,0,0,0,0,0,0,0,0,0,0,0,0,0,0,0,0,0,0,0,0,0,0,0,0,0,0,0,0,0,0,0,0,0,0,0,0,0,0,0,0,0,0,0,0,0,0,0,0,0,0,0,0
-0.003028827,-0.0006687323,0.001384303,0.003130104,0.004641211,0.005909938,0.006925649,0.007725335,0.008344295,0.008799753,0.009124717,0.00930063,0.00929726,0.009158479,0.008852714,0.001949689,0,0,0,0,0,0,0,0,0,0,0,0,0,0,0,0,0,0,0,0,0,0,0,0,0,0,0,0,0,0,0,0,0,0,0,0,0,0,0,0,0,0,0,0,0,0,0,0
0,0,0,0,0,0,0,0,0,0,0,0,0,0,0,0,0,0,0,0,0,0,0,0,0,0,0,0,0,0,0,0,0,0,0,0,0,0,0,0,0,0,0,0,0,0,0,0,0,0,0,0,0,0,0,0,0,0,0,0,0,0,0,0
0,0,0,0,0,0,0,0,0,0,0,0,0,0,0,0,0,0,0,0,0,0,0,0,0,0,0,0,0,0,0,0,0,0,0,0,0,0,0,0,0,0,0,0,0,0,0,0,0,0,0,0,0,0,0,0,0,0,0,0,0,0,0,0
0,0,0,0,0,0,0,0,0,0,0,0,0,0,0,0,0,0,0,0,0,0,0,0,0,0,0,0,0,0,0,0,0,0,0,0,0,0,0,0,0,0,0,0,0,0,0,0,0,0,0,0,0,0,0,0,0,0,0,0,0,0,0,0
-0.004873661,-0.007349999,-0.009658618,-0.01181633,-0.01393725,-0.01582071,-0.01737042,-0.01868442,-0.01966671,-0.02044936,-0.02105673,-0.02143991,-0.0215883,-0.02146831,-0.02104978,-0.02047098,-0.01986361,-0.01915229,-0.01857734,-0.0181129,-0.0177069,-0.01748933,-0.01744914,-0.01760583,-0.01799868,-0.01859717,-0.01943241,-0.02062623,-0.02199022,-0.02347415,-0.02531796,-0.02727551,-0.02932429,-0.03143254,-0.03348542,-0.03560321,-0.03776368,-0.03984581,-0.04188164,-0.04394374,-0.04587396,-0.04774044,-0.04964373,-0.05144953,-0.05330691,-0.05512257,-0.05681283,-0.05849583,-0.06013647,-0.06169561,-0.06320775,-0.06462905,-0.06586692,-0.06704862,-0.06815656,-0.06904872,-0.06979461,-0.07032982,-0.07063337,-0.07078011,-0.07072145,-0.07044785,-0.07001682,-0.0694112
0,0,0,0,0,0,0,0,0,0,0,0,0,0,0,0,0,0,0,0,0,0,0,0,0,0,0,0,0,0,0,0,0,0,0,0,0,0,0,0,0,0,0,0,0,0,0,0,0,0,0,0,0,0,0,0,0,0,0,0,0,0,0,0
0,0,0,0,0,0,0,0,0,0,0,0,0,0,0,0,0,0,0,0,0,0,0,0,0,0,0,0,0,0,0,0,0,0,0,0,0,0,0,0,0,0,0,0,0,0,0,0,0,0,0,0,0,0,0,0,0,0,0,0,0,0,0,0
0,0,0,0,0,0,0,0,0,0,0,0,0,0,0,0,0,0,0,0,0,0,0,0,0,0,0,0,0,0,0,0,0,0,0,0,0,0,0,0,0,0,0,0,0,0,0,0,0,0,0,0,0,0,0,0,0,0,0,0,0,0,0,0
0,0,0,0,0,0,0,0,0,0,0,0,0,0,0,0,0,0,0,0,0,0,0,0,0,0,0,0,0,0,0,0,0,0,0,0,0,0,0,0,0,0,0,0,0,0,0,0,0,0,0,0,0,0,0,0,0,0,0,0,0,0,0,0
0,0,0,0,0,0,0,0,0,0,0,0,0,0,0,0,0,0,0,0,0,0,0,0,0,0,0,0,0,0,0,0,0,0,0,0,0,0,0,0,0,0,0,0,0,0,0,0,0,0,0,0,0,0,0,0,0,0,0,0,0,0,0,0
0,0,0,0,0,0,0,0,0,0,0,0,0,0,0,0,0,0,0,0,0,0,0,0,0,0,0,0,0,0,0,0,0,0,0,0,0,0,0,0,0,0,0,0,0,0,0,0,0,0,0,0,0,0,0,0,0,0,0,0,0,0,0,0
0,0,0,0,0,0,0,0,0,0,0,0,0,0,0,0,0,0,0,0,0,0,0,0,0,0,0,0,0,0,0,0,0,0,0,0,0,0,0,0,0,0,0,0,0,0,0,0,0,0,0,0,0,0,0,0,0,0,0,0,0,0,0,0
0,0,0,0,0,0,0,0,0,0,0,0,0,0,0,0,0,0,0,0,0,0,0,0,0,0,0,0,0,0,0,0,0,0,0,0,0,0,0,0,0,0,0,0,0,0,0,0,0,0,0,0,0,0,0,0,0,0,0,0,0,0,0,0
0,0,0,0,0,0,0,0,0,0,0,0,0,0,0,0,0,0,0,0,0,0,0,0,0,0,0,0,0,0,0,0,0,0,0,0,0,0,0,0,0,0,0,0,0,0,0,0,0,0,0,0,0,0,0,0,0,0,0,0,0,0,0,0
0,0,0,0,0,0,0,0,0,0,0,0,0,0,0,0,0,0,0,0,0,0,0,0,0,0,0,0,0,0,0,0,0,0,0,0,0,0,0,0,0,0,0,0,0,0,0,0,0,0,0,0,0,0,0,0,0,0,0,0,0,0,0,0
0,0,0,0,0,0,0,0,0,0,0,0,0,0,0,0,0,0,0,0,0,0,0,0,0,0,0,0,0,0,0,0,0,0,0,0,0,0,0,0,0,0,0,0,0,0,0,0,0,0,0,0,0,0,0,0,0,0,0,0,0,0,0,0
0,0,0,0,0,0,0,0,0,0,0,0,0,0,0,0,0,0,0,0,0,0,0,0,0,0,0,0,0,0,0,0,0,0,0,0,0,0,0,0,0,0,0,0,0,0,0,0,0,0,0,0,0,0,0,0,0,0,0,0,0,0,0,0
0,0,0,0,0,0,0,0,0,0,0,0,0,0,0,0,0,0,0,0,0,0,0,0,0,0,0,0,0,0,0,0,0,0,0,0,0,0,0,0,0,0,0,0,0,0,0,0,0,0,0,0,0,0,0,0,0,0,0,0,0,0,0,0
0,0,0,0,0,0,0,0,0,0,0,0,0,0,0,0,0,0,0,0,0,0,0,0,0,0,0,0,0,0,0,0,0,0,0,0,0,0,0,0,0,0,0,0,0,0,0,0,0,0,0,0,0,0,0,0,0,0,0,0,0,0,0,0
0,0,0,0,0,0,0,0,0,0,0,0,0,0,0,0,0,0,0,0,0,0,0,0,0,0,0,0,0,0,0,0,0,0,0,0,0,0,0,0,0,0,0,0,0,0,0,0,0,0,0,0,0,0,0,0,0,0,0,0,0,0,0,0
0,0,0,0,0,0,0,0,0,0,0,0,0,0,0,0,0,0,0,0,0,0,0,0,0,0,0,0,0,0,0,0,0,0,0,0,0,0,0,0,0,0,0,0,0,0,0,0,0,0,0,0,0,0,0,0,0,0,0,0,0,0,0,0
0,0,0,0,0,0,0,0,0,0,0,0,0,0,0,0,0,0,0,0,0,0,0,0,0,0,0,0,0,0,0,0,0,0,0,0,0,0,0,0,0,0,0,0,0,0,0,0,0,0,0,0,0,0,0,0,0,0,0,0,0,0,0,0
0,0,0,0,0,0,0,0,0,0,0,0,0,0,0,0,0,0,0,0,0,0,0,0,0,0,0,0,0,0,0,0,0,0,0,0,0,0,0,0,0,0,0,0,0,0,0,0,0,0,0,0,0,0,0,0,0,0,0,0,0,0,0,0
0,0,0,0,0,0,0,0,0,0,0,0,0,0,0,0,0,0,0,0,0,0,0,0,0,0,0,0,0,0,0,0,0,0,0,0,0,0,0,0,0,0,0,0,0,0,0,0,0,0,0,0,0,0,0,0,0,0,0,0,0,0,0,0
0,0,0,0,0,0,0,0,0,0,0,0,0,0,0,0,0,0,0,0,0,0,0,0,0,0,0,0,0,0,0,0,0,0,0,0,0,0,0,0,0,0,0,0,0,0,0,0,0,0,0,0,0,0,0,0,0,0,0,0,0,0,0,0
0,0,0,0,0,0,0,0,0,0,0,0,0,0,0,0,0,0,0,0,0,0,0,0,0,0,0,0,0,0,0,0,0,0,0,0,0,0,0,0,0,0,0,0,0,0,0,0,0,0,0,0,0,0,0,0,0,0,0,0,0,0,0,0
0,0,0,0,0,0,0,0,0,0,0,0,0,0,0,0,0,0,0,0,0,0,0,0,0,0,0,0,0,0,0,0,0,0,0,0,0,0,0,0,0,0,0,0,0,0,0,0,0,0,0,0,0,0,0,0,0,0,0,0,0,0,0,0
0,0,0,0,0,0,0,0,0,0,0,0,0,0,0,0,0,0,0,0,0,0,0,0,0,0,0,0,0,0,0,0,0,0,0,0,0,0,0,0,0,0,0,0,0,0,0,0,0,0,0,0,0,0,0,0,0,0,0,0,0,0,0,0
-0.05625353,-0.05583696,-0.05524405,-0.05448236,-0.05360892,-0.05263792,-0.05158046,-0.05051972,-0.04949194,-0.04848933,-0.04759717,-0.04682196,-0.04611969,-0.04558564,-0.04516114,-0.04481454,-0.04455095,-0.04429698,-0.04398515,-0.04362626,-0.04317651,-0.04256998,-0.04185482,-0.04100231,-0.0399853,-0.03885521,-0.03761669,-0.03630878,-0.03499171,-0.0336832,-0.03239797,-0.03120297,-0.03016213,-0.02925778,-0.02855075,-0.02801545,-0.02763068,-0.02742463,-0.02738399,-0.02747889,-0.0277239,-0.02807126,-0.02848114,-0.02895022,-0.02942671,-0.02983394,-0.03018695,-0.03048434,-0.03060753,-0.03062087,-0.03043067,-0.0300518,-0.02947986,-0.02868794,-0.02766991,-0.02644209,-0.02500482,-0.02335407,-0.02157862,-0.01969475,-0.01769233,-0.01565363,-0.0135624,-0.01149013
0,0,0,0,0,0,0,0,0,0,0,0,0,0,0,0,0,0,0,0,0,0,0,0,0,0,0,0,0,0,0,0,0,0,0,0,0,0,0,0,0,0,0,0,0,0,0,0,0,0,0,0,0,0,0,0,0,0,0,0,0,0,0,0
0,0,0,0,0,0,0,0,0,0,0,0,0,0,0,0,0,0,0,0,0,0,0,0,0,0,0,0,0,0,0,0,0,0,0,0,0,0,0,0,0,0,0,0,0,0,0,0,0,0,0,0,0,0,0,0,0,0,0,0,0,0,0,0
0,0,0,0,0,0,0,0,0,0,0,0,0,0,0,0,0,0,0,0,0,0,0,0,0,0,0,0,0,0,0,0,0,0,0,0,0,0,0,0,0,0,0,0,0,0,0,0,0,0,0,0,0,0,0,0,0,0,0,0,0,0,0,0
0,0,0,0,0,0,0,0,0,0,0,0,0,0,0,0,0,0,0,0,0,0,0,0,0,0,0,0,0,0,0,0,0,0,0,0,0,0,0,0,0,0,0,0,0,0,0,0,0,0,0,0,0,0,0,0,0,0,0,0,0,0,0,0
0,0,0,0,0,0,0,0,0,0,0,0,0,0,0,0,0,0,0,0,0,0,0,0,0,0,0,0,0,0,0,0,0,0,0,0,0,0,0,0,0,0,0,0,0,0,0,0,0,0,0,0,0,0,0,0,0,0,0,0,0,0,0,0
0,0,0,0,0,0,0,0,0,0,0,0,0,0,0,0,0,0,0,0,0,0,0,0,0,0,0,0,0,0,0,0,0,0,0,0,0,0,0,0,0,0,0,0,0,0,0,0,0,0,0,0,0,0,0,0,0,0,0,0,0,0,0,0
0,0,0,0,0,0,0,0,0,0,0,0,0,0,0,0,0,0,0,0,0,0,0,0,0,0,0,0,0,0,0,0,0,0,0,0,0,0,0,0,0,0,0,0,0,0,0,0,0,0,0,0,0,0,0,0,0,0,0,0,0,0,0,0
0,0,0,0,0,0,0,0,0,0,0,0,0,0,0,0,0,0,0,0,0,0,0,0,0,0,0,0,0,0,0,0,0,0,0,0,0,0,0,0,0,0,0,0,0,0,0,0,0,0,0,0,0,0,0,0,0,0,0,0,0,0,0,0
0,0,0,0,0,0,0,0,0,0,0,0,0,0,0,0,0,0,0,0,0,0,0,0,0,0,0,0,0,0,0,0,0,0,0,0,0,0,0,0,0,0,0,0,0,0,0,0,0,0,0,0,0,0,0,0,0,0,0,0,0,0,0,0
0,0,0,0,0,0,0,0,0,0,0,0,0,0,0,0,0,0,0,0,0,0,0,0,0,0,0,0,0,0,0,0,0,0,0,0,0,0,0,0,0,0,0,0,0,0,0,0,0,0,0,0,0,0,0,0,0,0,0,0,0,0,0,0
-0.02419469,-0.02298389,-0.02192771,-0.02104465,-0.02033597,-0.01982609,-0.01951265,-0.01938114,-0.01948027,-0.01978487,-0.02022056,-0.02076759,-0.02139622,-0.02205047,-0.02270473,-0.02331003,-0.02380689,-0.02418601,-0.02441476,-0.02446278,-0.024324,-0.02405068,-0.004578936,0,0,0,0,0,0,0,0,0,0,0,0,0,0,0,0,0,0,0,0,0,0,0,0,0,0,0,0,0,0,0,0,0,0,0,0,0,0,0,0,0
0,0,0,0,0,0,0,0,0,0,0,0,0,0,0,0,0,0,0,0,0,0,0,0,0,0,0,0,0,0,0,0,0,0,0,0,0,0,0,0,0,0,0,0,0,0,0,0,0,0,0,0,0,0,0,0,0,0,0,0,0,0,0,0
0,0,0,0,0,0,0,0,0,0,0,0,0,0,0,0,0,0,0,0,0,0,0,0,0,0,0,0,0,0,0,0,0,0,0,0,0,0,0,0,0,0,0,0,0,0,0,0,0,0,0,0,0,0,0,0,0,0,0,0,0,0,0,0
0.04712963,0.04692638,0.04668847,0.04645056,0.0462879,0.04612929,0.04601661,0.0459717,0.04592827,0.04587884,0.04580601,0.04562819,0.04530209,0.04485844,0.0442483,0.04341561,0.04242811,0.04120802,0.03975299,0.03816166,0.03643722,0.03461055,0.03277342,0.03098342,0.02926685,0.02772723,0.02642074,0.02533144,0.02457806,0.0241149,0.02392451,0.02407838,0.02446491,0.02503216,0.02576139,0.02655902,0.02732049,0.02802115,0.02857015,0.02891914,0.02901827,0.0288559,0.02837281,0.02760994,0.02657597,0.02529425,0.02381723,0.0222102,0.02053842,0.01887183,0.01727752,0.01576124,0.01441308,0.01327632,0.01233835,0.01158348,0.01102328,0.01060086,0.01029733,0.01009421,0.009935604,0.00978219,0.009633094,0.009431466
0.02876884,0.02775744,0.02678233,0.02581086,0.0248104,0.02381202,0.02275478,0.02157064,0.02024191,0.01875714,0.01711153,0.01537111,0.01350371,0.01148147,0.009403604,0.007271517,0.005085213,0.002937674,0.0008624252,-0.001140533,-0.003031084,-0.004771522,-0.006376418,-0.007818661,-0.009100271,-0.01025017,-0.01122833,-0.01209582,-0.0129016,-0.01362552,-0.01430736,-0.01496081,-0.0156038,-0.01626486,-0.01694905,-0.01766279,-0.01837962,-0.019133,-0.01986676,-0.02051097,-0.02108094,-0.02153553,-0.02183839,-0.0219786,-0.02191975,-0.0216333,-0.02114677,-0.0204899,-0.01964467,-0.01869135,-0.01764058,-0.01653459,-0.01542434,-0.01432899,-0.01327801,-0.01232683,-0.01150216,-0.010804,-0.01025075,-0.009873842,-0.009654332,-0.009565706,-0.009704487,-0.009938009
-0.04221756,-0.04327691,-0.04416484,-0.04487818,-0.04544134,-0.04589485,-0.04627135,-0.04661331,-0.04697334,-0.0473571,-0.04783292,-0.04840618,-0.04905207,-0.04978623,-0.05058229,-0.0514201,-0.05227261,-0.05309822,-0.05385518,-0.05450541,-0.05500734,-0.05534271,-0.05547909,-0.05537996,-0.05506154,-0.05455931,-0.05392065,-0.05315547,-0.0522863,-0.0513553,-0.0503959,-0.04943644,-0.04851737,-0.047655,-0.04686714,-0.04621289,-0.04567152,-0.04522151,-0.04486188,-0.0445926,-0.04436649,-0.04417854,-0.04402823,-0.04386983,-0.04367157,-0.04346118,-0.04317978,-0.04284273,-0.04248634,-0.04200628,-0.04149479,-0.04092295,-0.04026648,-0.03957257,-0.0388345,-0.03802023,-0.03716239,-0.03627577,-0.03532594,-0.03439393,-0.03340264,-0.03241134,-0.03148559,-0.0305736
0,0,0,0,0,0,0,0,0,0,0,0,0,0,0,0,0,0,0,0,0,0,0,0,0,0,0,0,0,0,0,0,0,0,0,0,0,0,0,0,0,0,0,0,0,0,0,0,0,0,0,0,0,0,0,0,0,0,0,0,0,0,0,0
0,0,0,0,0,0,0,0,0,0,0,0,0,0,0,0,0,0,0,0,0,0,0,0,0,0,0,0,0,0,0,0,0,0,0,0,0,0,0,0,0,0,0,0,0,0,0,0,0,0,0,0,0,0,0,0,0,0,0,0,0,0,0,0
0,0,0,0,0,0,0,0,0,0,0,0,0,0,0,0,0,0,0,0,0,0,0,0,0,0,0,0,0,0,0,0,0,0,0,0,0,0,0,0,0,0,0,0,0,0,0,0,0,0,0,0,0,0,0,0,0,0,0,0,0,0,0,0
0,0,0,0,0,0,0,0,0,0,0,0,0,0,0,0,0,0,0,0,0,0,0,0,0,0,0,0,0,0,0,0,0,0,0,0,0,0,0,0,0,0,0,0,0,0,0,0,0,0,0,0,0,0,0,0,0,0,0,0,0,0,0,0
0,0,0,0,0,0,0,0,0,0,0,0,0,0,0,0,0,0,0,0,0,0,0,0,0,0,0,0,0,0,0,0,0,0,0,0,0,0,0,0,0,0,0,0,0,0,0,0,0,0,0,0,0,0,0,0,0,0,0,0,0,0,0,0
0,0,0,0,0,0,0,0,0,0,0,0,0,0,0,0,0,0,0,0,0,0,0,0,0,0,0,0,0,0,0,0,0,0,0,0,0,0,0,0,0,0,0,0,0,0,0,0,0,0,0,0,0,0,0,0,0,0,0,0,0,0,0,0
0,0,0,0,0,0,0,0,0,0,0,0,0,0,0,0,0,0,0,0,0,0,0,0,0,0,0,0,0,0,0,0,0,0,0,0,0,0,0,0,0,0,0,0,0,0,0,0,0,0,0,0,0,0,0,0,0,0,0,0,0,0,0,0
0,0,0,0,0,0,0,0,0,0,0,0,0,0,0,0,0,0,0,0,0,0,0,0,0,0,0,0,0,0,0,0,0,0,0,0,0,0,0,0,0,0,0,0,0,0,0,0,0,0,0,0,0,0,0,0,0,0,0,0,0,0,0,0
0,0,0,0,0,0,0,0,0,0,0,0,0,0,0,0,0,0,0,0,0,0,0,0,0,0,0,0,0,0,0,0,0,0,0,0,0,0,0,0,0,0,0,0,0,0,0,0,0,0,0,0,0,0,0,0,0,0,0,0,0,0,0,0
0,0,0,0,0,0,0,0,0,0,0,0,0,0,0,0,0,0,0,0,0,0,0,0,0,0,0,0,0,0,0,0,0,0,0,0,0,0,0,0,0,0,0,0,0,0,0,0,0,0,0,0,0,0,0,0,0,0,0,0,0,0,0,0
-0.01960534,-0.01997719,-0.02028613,-0.02054084,-0.02073548,-0.02085782,-0.02091023,-0.02090903,-0.02086937,-0.02079237,-0.02067923,-0.02059061,-0.02052472,-0.02050023,-0.02054977,-0.02068152,-0.02089836,-0.02121434,-0.0216113,-0.02213249,-0.02274709,-0.02341934,-0.02416326,-0.02494806,-0.02575505,-0.02659231,-0.02741348,-0.02818912,-0.02891474,-0.02957326,-0.03016382,-0.03063123,-0.03100792,-0.03122658,-0.03131866,-0.03123549,-0.03100059,-0.03058288,-0.02997735,-0.02919111,-0.02821666,-0.02705486,-0.02573041,-0.02424775,-0.02263998,-0.02095478,-0.0192325,-0.01750765,-0.01584293,-0.01427707,-0.01285422,-0.01162334,-0.01062537,-0.009874159,-0.009371427,-0.009149575,-0.009163674,-0.009441236,-0.009928674,-0.01058026,-0.01134778,-0.01216845,-0.012977,-0.0137391
0,0,0,0,0,0,0,0,0,0,0,0,0,0,0,0,0,0,0,0,0,0,0,0,0,0,0,0,0,0,0,0,0,0,0,0,0,0,0,0,0,0,0,0,0,0,0,0,0,0,0,0,0,0,0,0,0,0,0,0,0,0,0,0
0,0,0,0,0,0,0,0,0,0,0,0,0,0,0,0,0,0,0,0,0,0,0,0,0,0,0,0,0,0,0,0,0,0,0,0,0,0,0,0,0,0,0,0,0,0,0,0,0,0,0,0,0,0,0,0,0,0,0,0,0,0,0,0
0,0,0,0,0,0,0,0,0,0,0,0,0,0,0,0,0,0,0,0,0,0,0,0,0,0,0,0,0,0,0,0,0,0,0,0,0,0,0,0,0,0,0,0,0,0,0,0,0,0,0,0,0,0,0,0,0,0,0,0,0,0,0,0
0,0,0,0,0,0,0,0,0,0,0,0,0,0,0,0,0,0,0,0,0,0,0,0,0,0,0,0,0,0,0,0,0,0,0,0,0,0,0,0,0,0,0,0,0,0,0,0,0,0,0,0,0,0,0,0,0,0,0,0,0,0,0,0
0,0,0,0,0,0,0,0,0,0,0,0,0,0,0,0,0,0,0,0,0,0,0,0,0,0,0,0,0,0,0,0,0,0,0,0,0,0,0,0,0,0,0,0,0,0,0,0,0,0,0,0,0,0,0,0,0,0,0,0,0,0,0,0
0,0,0,0,0,0,0,0,0,0,0,0,0,0,0,0,0,0,0,0,0,0,0,0,0,0,0,0,0,0,0,0,0,0,0,0,0,0,0,0,0,0,0,0,0,0,0,0,0,0,0,0,0,0,0,0,0,0,0,0,0,0,0,0
0,0,0,0,0,0,0,0,0,0,0,0,0,0,0,0,0,0,0,0,0,0,0,0,0,0,0,0,0,0,0,0,0,0,0,0,0,0,0,0,0,0,0,0,0,0,0,0,0,0,0,0,0,0,0,0,0,0,0,0,0,0,0,0
0,0,0,0,0,0,0,0,0,0,0,0,0,0,0,0,0,0,0,0,0,0,0,0,0,0,0,0,0,0,0,0,0,0,0,0,0,0,0,0,0,0,0,0,0,0,0,0,0,0,0,0,0,0,0,0,0,0,0,0,0,0,0,0
0,0,0,0,0,0,0,0,0,0,0,0,0,0,0,0,0,0,0,0,0,0,0,0,0,0,0,0,0,0,0,0,0,0,0,0,0,0,0,0,0,0,0,0,0,0,0,0,0,0,0,0,0,0,0,0,0,0,0,0,0,0,0,0
0,0,0,0,0,0,0,0,0,0,0,0,0,0,0,0,0,0,0,0,0,0,0,0,0,0,0,0,0,0,0,0,0,0,0,0,0,0,0,0,0,0,0,0,0,0,0,0,0,0,0,0,0,0,0,0,0,0,0,0,0,0,0,0
0.002203685,0.001431942,0.0005336907,-0.0004682294,-0.001530721,-0.002633463,-0.003783364,-0.004932665,-0.00606274,-0.00715547,-0.008161299,-0.009076763,-0.009888452,-0.01061502,-0.0112495,-0.01177553,-0.01220593,-0.01256868,-0.01287722,-0.01313268,-0.01335076,-0.01353042,-0.0136914,-0.01386571,-0.01404414,-0.01424697,-0.01446506,-0.01469183,-0.01494362,-0.015216,-0.0154703,-0.01570654,-0.01592462,-0.01612295,-0.01628521,-0.01639509,-0.01647973,-0.01653355,-0.01654025,-0.01652966,-0.0165147,-0.01646932,-0.01641382,-0.01637638,-0.01635795,-0.0163976,-0.01645579,-0.01659919,-0.01678786,-0.01703923,-0.01736289,-0.0177393,-0.01815185,-0.01860055,-0.01907637,-0.01955219,-0.01907281,-0.0006942257,0,0,0,0,0,0
0.002203685,0.001431942,0.0005336907,-0.0004682294,-0.001530721,-0.002633463,-0.003783364,-0.004932665,-0.00606274,-0.00715547,-0.008161299,-0.009076763,-0.009888452,-0.01061502,-0.0112495,-0.01177553,-0.01220593,-0.01256868,-0.01287722,-0.01313268,-0.01335076,-0.01353042,-0.0136914,-0.01386571,-0.01404414,-0.01424697,-0.01446506,-0.01469183,-0.01494362,-0.015216,-0.0154703,-0.01570654,-0.01592462,-0.01612295,-0.01628521,-0.01639509,-0.01647973,-0.01653355,-0.01654025,-0.01652966,-0.0165147,-0.01646932,-0.01641382,-0.01637638,-0.01635795,-0.0163976,-0.01645579,-0.01659919,-0.01678786,-0.01703923,-0.01736289,-0.0177393,-0.01815185,-0.01860055,-0.01907637,-0.01955219,-0.01907281,-0.0006942257,0,0,0,0,0,0
-0.0190403,-0.01820081,-0.0173483,-0.01650568,-0.01571264,-0.01491961,-0.01420503,-0.01354489,-0.01293897,-0.01241597,-0.01194553,-0.01151123,-0.01111308,-0.01073639,-0.01037647,-0.01005158,-0.009694717,-0.009338181,-0.00900114,-0.008608894,-0.008212376,-0.007771172,-0.007302034,-0.006826213,-0.00633112,-0.005815647,-0.005294045,-0.004763123,-0.004252895,-0.003778812,-0.003342643,-0.002963299,-0.002655362,-0.00240428,-0.002180051,-0.001997752,-0.001839145,-0.001680538,-0.001515262,-0.001312253,-0.001025204,-0.0006811203,-0.0002449511,0.0002691436,0.0008909845,0.001621261,0.002445751,0.003335668,0.004279803,0.005251271,0.00621553,0.007134444,0.007948623,0.008670491,0.009283143,0.009699487,0.009987958,0.01014992,0.01018538,0.01010733,0.009932104,0.009695017,0.009429533,0.009151971
0,0,0,0,0,0,0,0,0,0,0,0,0,0,0,0,0,0,0,0,0,0,0,0,0,0,0,0,0,0,0,0,0,0,0,0,0,0,0,0,0,0,0,0,0,0,0,0,0,0,0,0,0,0,0,0,0,0,0,0,0,0,0,0
0,0,0,0,0,0,0,0,0,0,0,0,0,0,0,0,0,0,0,0,0,0,0,0,0,0,0,0,0,0,0,0,0,0,0,0,0,0,0,0,0,0,0,0,0,0,0,0,0,0,0,0,0,0,0,0,0,0,0,0,0,0,0,0
0,0,0,0,0,0,0,0,0,0,0,0,0,0,0,0,0,0,0,0,0,0,0,0,0,0,0,0,0,0,0,0,0,0,0,0,0,0,0,0,0,0,0,0,0,0,0,0,0,0,0,0,0,0,0,0,0,0,0,0,0,0,0,0
0,0,0,0,0,0,0,0,0,0,0,0,0,0,0,0,0,0,0,0,0,0,0,0,0,0,0,0,0,0,0,0,0,0,0,0,0,0,0,0,0,0,0,0,0,0,0,0,0,0,0,0,0,0,0,0,0,0,0,0,0,0,0,0
0,0,0,0,0,0,0,0,0,0,0,0,0,0,0,0,0,0,0,0,0,0,0,0,0,0,0,0,0,0,0,0,0,0,0,0,0,0,0,0,0,0,0,0,0,0,0,0,0,0,0,0,0,0,0,0,0,0,0,0,0,0,0,0
0,0,0,0,0,0,0,0,0,0,0,0,0,0,0,0,0,0,0,0,0,0,0,0,0,0,0,0,0,0,0,0,0,0,0,0,0,0,0,0,0,0,0,0,0,0,0,0,0,0,0,0,0,0,0,0,0,0,0,0,0,0,0,0
0,0,0,0,0,0,0,0,0,0,0,0,0,0,0,0,0,0,0,0,0,0,0,0,0,0,0,0,0,0,0,0,0,0,0,0,0,0,0,0,0,0,0,0,0,0,0,0,0,0,0,0,0,0,0,0,0,0,0,0,0,0,0,0
0,0,0,0,0,0,0,0,0,0,0,0,0,0,0,0,0,0,0,0,0,0,0,0,0,0,0,0,0,0,0,0,0,0,0,0,0,0,0,0,0,0,0,0,0,0,0,0,0,0,0,0,0,0,0,0,0,0,0,0,0,0,0,0
0,0,0,0,0,0,0,0,0,0,0,0,0,0,0,0,0,0,0,0,0,0,0,0,0,0,0,0,0,0,0,0,0,0,0,0,0,0,0,0,0,0,0,0,0,0,0,0,0,0,0,0,0,0,0,0,0,0,0,0,0,0,0,0
0,0,0,0,0,0,0,0,0,0,0,0,0,0,0,0,0,0,0,0,0,0,0,0,0,0,0,0,0,0,0,0,0,0,0,0,0,0,0,0,0,0,0,0,0,0,0,0,0,0,0,0,0,0,0,0,0,0,0,0,0,0,0,0
0,0,0,0,0,0,0,0,0,0,0,0,0,0,0,0,0,0,0,0,0,0,0,0,0,0,0,0,0,0,0,0,0,0,0,0,0,0,0,0,0,0,0,0,0,0,0,0,0,0,0,0,0,0,0,0,0,0,0,0,0,0,0,0
0,0,0,0,0,0,0,0,0,0,0,0,0,0,0,0,0,0,0,0,0,0,0,0,0,0,0,0,0,0,0,0,0,0,0,0,0,0,0,0,0,0,0,0,0,0,0,0,0,0,0,0,0,0,0,0,0,0,0,0,0,0,0,0
0,0,0,0,0,0,0,0,0,0,0,0,0,0,0,0,0,0,0,0,0,0,0,0,0,0,0,0,0,0,0,0,0,0,0,0,0,0,0,0,0,0,0,0,0,0,0,0,0,0,0,0,0,0,0,0,0,0,0,0,0,0,0,0
0,0,0,0,0,0,0,0,0,0,0,0,0,0,0,0,0,0,0,0,0,0,0,0,0,0,0,0,0,0,0,0,0,0,0,0,0,0,0,0,0,0,0,0,0,0,0,0,0,0,0,0,0,0,0,0,0,0,0,0,0,0,0,0
0.000959612,0.0006169184,0.0003595414,0.0001711617,3.85393E-05,-2.093834E-05,-2.157919E-05,-3.720235E-06,6.442257E-05,0.0001293737,0.0001762524,0.000183367,0.0001362639,2.026488E-05,-0.0001805112,-0.0004574099,-0.0008225924,-0.001260717,-0.001815841,-0.00244456,-0.003162213,-0.003940446,-0.004759758,-0.005592445,-0.006425132,-0.007242061,-0.008022846,-0.008758742,-0.009422347,-0.01001366,-0.01052913,-0.01094992,-0.01129752,-0.01158827,-0.0118248,-0.01200711,-0.01216571,-0.0123159,-0.01246801,-0.01265627,-0.01288383,-0.01316561,-0.01350265,-0.01393707,-0.01444414,-0.01502349,-0.01567514,-0.01638661,-0.01714159,-0.01792376,-0.01871679,-0.01950438,-0.0202665,-0.02097828,-0.02167142,-0.02228603,-0.02284584,-0.02331841,-0.02373013,-0.02406164,-0.02431402,-0.02450361,-0.02466222,-0.02480286
0.000959612,0.0006169184,0.0003595414,0.0001711617,3.85393E-05,-2.093834E-05,-2.157919E-05,-3.720235E-06,6.442257E-05,0.0001293737,0.0001762524,0.000183367,0.0001362639,2.026488E-05,-0.0001805112,-0.0004574099,-0.0008225924,-0.001260717,-0.001815841,-0.00244456,-0.003162213,-0.003940446,-0.004759758,-0.005592445,-0.006425132,-0.007242061,-0.008022846,-0.008758742,-0.009422347,-0.01001366,-0.01052913,-0.01094992,-0.01129752,-0.01158827,-0.0118248,-0.01200711,-0.01216571,-0.0123159,-0.01246801,-0.01265627,-0.01288383,-0.01316561,-0.01350265,-0.01393707,-0.01444414,-0.01502349,-0.01567514,-0.01638661,-0.01714159,-0.01792376,-0.01871679,-0.01950438,-0.0202665,-0.02097828,-0.02167142,-0.02228603,-0.02284584,-0.02331841,-0.02373013,-0.02406164,-0.02431402,-0.02450361,-0.02466222,-0.02480286
0,0,0,0,0,0,0,0,0,0,0,0,0,0,0,0,0,0,0,0,0,0,0,0,0,0,0,0,0,0,0,0,0,0,0,0,0,0,0,0,0,0,0,0,0,0,0,0,0,0,0,0,0,0,0,0,0,0,0,0,0,0,0,0
0,0,0,0,0,0,0,0,0,0,0,0,0,0,0,0,0,0,0,0,0,0,0,0,0,0,0,0,0,0,0,0,0,0,0,0,0,0,0,0,0,0,0,0,0,0,0,0,0,0,0,0,0,0,0,0,0,0,0,0,0,0,0,0
0,0,0,0,0,0,0,0,0,0,0,0,0,0,0,0,0,0,0,0,0,0,0,0,0,0,0,0,0,0,0,0,0,0,0,0,0,0,0,0,0,0,0,0,0,0,0,0,0,0,0,0,0,0,0,0,0,0,0,0,0,0,0,0
0,0,0,0,0,0,0,0,0,0,0,0,0,0,0,0,0,0,0,0,0,0,0,0,0,0,0,0,0,0,0,0,0,0,0,0,0,0,0,0,0,0,0,0,0,0,0,0,0,0,0,0,0,0,0,0,0,0,0,0,0,0,0,0
0,0,0,0,0,0,0,0,0,0,0,0,0,0,0,0,0,0,0,0,0,0,0,0,0,0,0,0,0,0,0,0,0,0,0,0,0,0,0,0,0,0,0,0,0,0,0,0,0,0,0,0,0,0,0,0,0,0,0,0,0,0,0,0
0,0,0,0,0,0,0,0,0,0,0,0,0,0,0,0,0,0,0,0,0,0,0,0,0,0,0,0,0,0,0,0,0,0,0,0,0,0,0,0,0,0,0,0,0,0,0,0,0,0,0,0,0,0,0,0,0,0,0,0,0,0,0,0
0,0,0,0,0,0,0,0,0,0,0,0,0,0,0,0,0,0,0,0,0,0,0,0,0,0,0,0,0,0,0,0,0,0,0,0,0,0,0,0,0,0,0,0,0,0,0,0,0,0,0,0,0,0,0,0,0,0,0,0,0,0,0,0
0,0,0,0,0,0,0,0,0,0,0,0,0,0,0,0,0,0,0,0,0,0,0,0,0,0,0,0,0,0,0,0,0,0,0,0,0,0,0,0,0,0,0,0,0,0,0,0,0,0,0,0,0,0,0,0,0,0,0,0,0,0,0,0
0,0,0,0,0,0,0,0,0,0,0,0,0,0,0,0,0,0,0,0,0,0,0,0,0,0,0,0,0,0,0,0,0,0,0,0,0,0,0,0,0,0,0,0,0,0,0,0,0,0,0,0,0,0,0,0,0,0,0,0,0,0,0,0
0.02269641,0.02179802,0.02094081,0.02015098,0.01948459,0.01890964,0.01845235,0.01810349,0.01789527,0.01778859,0.01775967,0.01780304,0.01789143,0.01800524,0.01813285,0.01822815,0.0183033,0.01834166,0.01830201,0.01820717,0.01802483,0.01773723,0.01736748,0.01690266,0.01632942,0.01566348,0.01490077,0.01401096,0.01304624,0.01199201,0.01086194,0.009675056,0.008399595,0.007080054,0.005765396,0.004444966,0.003147138,0.001886698,0.0006576537,-0.0005122637,-0.001616202,-0.002678386,-0.003630028,-0.004542721,-0.005401547,-0.006190187,-0.006934966,-0.007680985,-0.008391536,-0.009056661,-0.009703713,-0.0103109,-0.0108425,-0.01135215,-0.01180721,-0.01216407,-0.01242963,-0.01258832,-0.01268284,-0.01271014,-0.01263141,-0.01243566,-0.01216244,-0.01185308
0.02109638,0.02094272,0.02068207,0.02034503,0.01985759,0.01922557,0.01846426,0.01754936,0.01649539,0.015345,0.01409749,0.01274957,0.01135221,0.009918711,0.008455397,0.00704776,0.005620783,0.004246078,0.002925592,0.001659323,0.0004595986,-0.0006572627,-0.001701401,-0.002663055,-0.003503515,-0.004239099,-0.004886127,-0.005460865,-0.005956511,-0.006361529,-0.006708929,-0.006987493,-0.007193766,-0.007349974,-0.007470036,-0.007546348,-0.007574294,-0.007566095,-0.007524098,-0.00746462,-0.007405143,-0.00736433,-0.007358503,-0.007434295,-0.007587046,-0.007812087,-0.008119318,-0.008525056,-0.009045621,-0.009683417,-0.01040869,-0.01120739,-0.01209955,-0.01308774,-0.01414884,-0.01526653,-0.01641055,-0.01756045,-0.01867904,-0.01974341,-0.02075356,-0.02168878,-0.02250091,-0.02320294
0,0,0,0,0,0,0,0,0,0,0,0,0,0,0,0,0,0,0,0,0,0,0,0,0,0,0,0,0,0,0,0,0,0,0,0,0,0,0,0,0,0,0,0,0,0,0,0,0,0,0,0,0,0,0,0,0,0,0,0,0,0,0,0
0,0,0,0,0,0,0,0,0,0,0,0,0,0,0,0,0,0,0,0,0,0,0,0,0,0,0,0,0,0,0,0,0,0,0,0,0,0,0,0,0,0,0,0,0,0,0,0,0,0,0,0,0,0,0,0,0,0,0,0,0,0,0,0
0,0,0,0,0,0,0,0,0,0,0,0,0,0,0,0,0,0,0,0,0,0,0,0,0,0,0,0,0,0,0,0,0,0,0,0,0,0,0,0,0,0,0,0,0,0,0,0,0,0,0,0,0,0,0,0,0,0,0,0,0,0,0,0
0,0,0,0,0,0,0,0,0,0,0,0,0,0,0,0,0,0,0,0,0,0,0,0,0,0,0,0,0,0,0,0,0,0,0,0,0,0,0,0,0,0,0,0,0,0,0,0,0,0,0,0,0,0,0,0,0,0,0,0,0,0,0,0
0,0,0,0,0,0,0,0,0,0,0,0,0,0,0,0,0,0,0,0,0,0,0,0,0,0,0,0,0,0,0,0,0,0,0,0,0,0,0,0,0,0,0,0,0,0,0,0,0,0,0,0,0,0,0,0,0,0,0,0,0,0,0,0
0,0,0,0,0,0,0,0,0,0,0,0,0,0,0,0,0,0,0,0,0,0,0,0,0,0,0,0,0,0,0,0,0,0,0,0,0,0,0,0,0,0,0,0,0,0,0,0,0,0,0,0,0,0,0,0,0,0,0,0,0,0,0,0
0,0,0,0,0,0,0,0,0,0,0,0,0,0,0,0,0,0,0,0,0,0,0,0,0,0,0,0,0,0,0,0,0,0,0,0,0,0,0,0,0,0,0,0,0,0,0,0,0,0,0,0,0,0,0,0,0,0,0,0,0,0,0,0
0,0,0,0,0,0,0,0,0,0,0,0,0,0,0,0,0,0,0,0,0,0,0,0,0,0,0,0,0,0,0,0,0,0,0,0,0,0,0,0,0,0,0,0,0,0,0,0,0,0,0,0,0,0,0,0,0,0,0,0,0,0,0,0
0,0,0,0,0,0,0,0,0,0,0,0,0,0,0,0,0,0,0,0,0,0,0,0,0,0,0,0,0,0,0,0,0,0,0,0,0,0,0,0,0,0,0,0,0,0,0,0,0,0,0,0,0,0,0,0,0,0,0,0,0,0,0,0
0,0,0,0,0,0,0,0,0,0,0,0,0,0,0,0,0,0,0,0,0,0,0,0,0,0,0,0,0,0,0,0,0,0,0,0,0,0,0,0,0,0,0,0,0,0,0,0,0,0,0,0,0,0,0,0,0,0,0,0,0,0,0,0
-0.009058165,-0.008205653,-0.007210735,-0.006120312,-0.004935901,-0.003712259,-0.002452474,-0.001197155,4.738145E-06,0.001134341,0.002166821,0.003072792,0.003842714,0.004459036,0.004963129,0.005300168,0.005482513,0.005555443,0.005519939,0.005432307,0.005333178,0.00526576,0.00525256,0.005307704,0.005453212,0.005689083,0.006020728,0.006496853,0.007091628,0.007777021,0.008487296,0.009201028,0.009901896,0.01057358,0.01118105,0.01168295,0.0120525,0.01228975,0.01243664,0.01249258,0.0124331,0.01228031,0.01207097,0.01186805,0.01169659,0.01157293,0.01151339,0.01153428,0.01165192,0.01187336,0.01218516,0.0125862,0.01306202,0.01361465,0.01423957,0.01488969,0.01548817,0.01605094,0.01658519,0.01705725,0.01743895,0.01774064,0.01797784,0.01670463
0,0,0,0,0,0,0,0,0,0,0,0,0,0,0,0,0,0,0,0,0,0,0,0,0,0,0,0,0,0,0,0,0,0,0,0,0,0,0,0,0,0,0,0,0,0,0,0,0,0,0,0,0,0,0,0,0,0,0,0,0,0,0,0
0,0,0,0,0,0,0,0,0,0,0,0,0,0,0,0,0,0,0,0,0,0,0,0,0,0,0,0,0,0,0,0,0,0,0,0,0,0,0,0,0,0,0,0,0,0,0,0,0,0,0,0,0,0,0,0,0,0,0,0,0,0,0,0
0,0,0,0,0,0,0,0,0,0,0,0,0,0,0,0,0,0,0,0,0,0,0,0,0,0,0,0,0,0,0,0,0,0,0,0,0,0,0,0,0,0,0,0,0,0,0,0,0,0,0,0,0,0,0,0,0,0,0,0,0,0,0,0
0,0,0,0,0,0,0,0,0,0,0,0,0,0,0,0,0,0,0,0,0,0,0,0,0,0,0,0,0,0,0,0,0,0,0,0,0,0,0,0,0,0,0,0,0,0,0,0,0,0,0,0,0,0,0,0,0,0,0,0,0,0,0,0
0,0,0,0,0,0,0,0,0,0,0,0,0,0,0,0,0,0,0,0,0,0,0,0,0,0,0,0,0,0,0,0,0,0,0,0,0,0,0,0,0,0,0,0,0,0,0,0,0,0,0,0,0,0,0,0,0,0,0,0,0,0,0,0
-0.007855168,-0.007736383,-0.007635415,-0.007520053,-0.007386617,-0.007235109,-0.007054555,-0.006837856,-0.006592478,-0.006323315,-0.006025927,-0.005728539,-0.005431151,-0.005133762,-0.004854901,-0.004577338,-0.004329815,-0.004118437,-0.003943204,-0.003804117,-0.00370918,-0.003662209,-0.003651382,-0.003671208,-0.003691034,-0.00371086,-0.003673489,-0.003616525,-0.003494811,-0.003300807,-0.003034513,-0.002695928,-0.002276507,-0.001773516,-0.001208313,-0.0006102509,5.88393E-06,0.000640312,0.00123553,0.001794602,0.002301431,0.002739697,0.003080489,0.003323685,0.003467432,0.003517407,0.003489514,0.003375083,0.003192506,0.002973465,0.002695903,0.002418341,0.002140779,0.00190787,0.001716048,0.00157175,0.001491293,0.001475256,0.001513436,0.001605834,0.00175245,0.001950709,0.002148968,0.002385088
0,0,0,0,0,0,0,0,0,0,0,0,0,0,0,0,0,0,0,0,0,0,0,0,0,0,0,0,0,0,0,0,0,0,0,0,0,0,0,0,0,0,0,0,0,0,0,0,0,0,0,0,0,0,0,0,0,0,0,0,0,0,0,0
0,0,0,0,0,0,0,0,0,0,0,0,0,0,0,0,0,0,0,0,0,0,0,0,0,0,0,0,0,0,0,0,0,0,0,0,0,0,0,0,0,0,0,0,0,0,0,0,0,0,0,0,0,0,0,0,0,0,0,0,0,0,0,0
0,0,0,0,0,0,0,0,0,0,0,0,0,0,0,0,0,0,0,0,0,0,0,0,0,0,0,0,0,0,0,0,0,0,0,0,0,0,0,0,0,0,0,0,0,0,0,0,0,0,0,0,0,0,0,0,0,0,0,0,0,0,0,0
0,0,0,0,0,0,0,0,0,0,0,0,0,0,0,0,0,0,0,0,0,0,0,0,0,0,0,0,0,0,0,0,0,0,0,0,0,0,0,0,0,0,0,0,0,0,0,0,0,0,0,0,0,0,0,0,0,0,0,0,0,0,0,0
0,0,0,0,0,0,0,0,0,0,0,0,0,0,0,0,0,0,0,0,0,0,0,0,0,0,0,0,0,0,0,0,0,0,0,0,0,0,0,0,0,0,0,0,0,0,0,0,0,0,0,0,0,0,0,0,0,0,0,0,0,0,0,0
-0.003158493,-0.0033171,-0.003475707,-0.003622398,-0.003730692,-0.003818404,-0.003917534,-0.004016663,-0.004118942,-0.004237898,-0.004356853,-0.004534214,-0.004748078,-0.004982124,-0.005234244,-0.00551689,-0.005814279,-0.006120616,-0.006416244,-0.006663095,-0.006870113,-0.007019043,-0.007077973,-0.007077973,-0.006986699,-0.006805062,-0.00654781,-0.006231263,-0.005860498,-0.005473469,-0.005112247,-0.004787171,-0.004498239,-0.004247928,-0.004051835,-0.003913053,-0.0005040571,0,0,0,0,0,0,0,0,0,0,0,0,0,0,0,0,0,0,0,0,0,0,0,0,0,0,0
0,0,0,0,0,0,0,0,0,0,0,0,0,0,0,0,0,0,0,0,0,0,0,0,0,0,0,0,0,0,0,0,0,0,0,0,0,0,0,0,0,0,0,0,0,0,0,0,0,0,0,0,0,0,0,0,0,0,0,0,0,0,0,0
0,0,0,0,0,0,0,0,0,0,0,0,0,0,0,0,0,0,0,0,0,0,0,0,0,0,0,0,0,0,0,0,0,0,0,0,0,0,0,0,0,0,0,0,0,0,0,0,0,0,0,0,0,0,0,0,0,0,0,0,0,0,0,0
-0.001860302,-0.001834231,-0.001839268,-0.001865661,-0.00192667,-0.002005973,-0.002104879,-0.002239708,-0.002362393,-0.002495691,-0.002634473,-0.002740744,-0.002820048,-0.002877362,-0.002874881,-0.002807757,-0.002702418,-0.002542544,-0.002304634,-0.002066723,-0.001778905,-0.001481517,-0.001197258,-0.0009310716,-0.0006925807,-0.0004902346,-0.0003362659,-0.000245862,-0.0001942127,-0.000196781,-0.0002562586,-0.0003535936,-0.0004698984,-0.0006042757,-0.0007293881,-0.0008483434,-0.0009469743,-0.00100946,-0.001029145,-0.0009995152,-0.0009337397,-0.0008318191,-0.000693038,-0.0005153205,-0.0003191727,-0.000120914,6.313655E-05,0.0002291145,0.0003663183,0.0004673769,0.0005394855,0.0005880797,0.0006005288,0.000582638,0.0005822745,0.0005426227,0.0005394797,0.0005394797,0.0005394797,0.0005654685,0.0006163613,0.0006758389,0.0007430511,0.0008103922
0,0,0,0,0,0,0,0,0,0,0,0,0,0,0,0,0,0,0,0,0,0,0,0,0,0,0,0,0,0,0,0,0,0,0,0,0,0,0,0,0,0,0,0,0,0,0,0,0,0,0,0,0,0,0,0,0,0,0,0,0,0,0,0
0,0,0,0,0,0,0,0,0,0,0,0,0,0,0,0,0,0,0,0,0,0,0,0,0,0,0,0,0,0,0,0,0,0,0,0,0,0,0,0,0,0,0,0,0,0,0,0,0,0,0,0,0,0,0,0,0,0,0,0,0,0,0,0
0,0,0,0,0,0,0,0,0,0,0,0,0,0,0,0,0,0,0,0,0,0,0,0,0,0,0,0,0,0,0,0,0,0,0,0,0,0,0,0,0,0,0,0,0,0,0,0,0,0,0,0,0,0,0,0,0,0,0,0,0,0,0,0
0,0,0,0,0,0,0,0,0,0,0,0,0,0,0,0,0,0,0,0,0,0,0,0,0,0,0,0,0,0,0,0,0,0,0,0,0,0,0,0,0,0,0,0,0,0,0,0,0,0,0,0,0,0,0,0,0,0,0,0,0,0,0,0
0,0,0,0,0,0,0,0,0,0,0,0,0,0,0,0,0,0,0,0,0,0,0,0,0,0,0,0,0,0,0,0,0,0,0,0,0,0,0,0,0,0,0,0,0,0,0,0,0,0,0,0,0,0,0,0,0,0,0,0,0,0,0,0
0,0,0,0,0,0,0,0,0,0,0,0,0,0,0,0,0,0,0,0,0,0,0,0,0,0,0,0,0,0,0,0,0,0,0,0,0,0,0,0,0,0,0,0,0,0,0,0,0,0,0,0,0,0,0,0,0,0,0,0,0,0,0,0
0,0,0,0,0,0,0,0,0,0,0,0,0,0,0,0,0,0,0,0,0,0,0,0,0,0,0,0,0,0,0,0,0,0,0,0,0,0,0,0,0,0,0,0,0,0,0,0,0,0,0,0,0,0,0,0,0,0,0,0,0,0,0,0
0,0,0,0,0,0,0,0,0,0,0,0,0,0,0,0,0,0,0,0,0,0,0,0,0,0,0,0,0,0,0,0,0,0,0,0,0,0,0,0,0,0,0,0,0,0,0,0,0,0,0,0,0,0,0,0,0,0,0,0,0,0,0,0
0,0,0,0,0,0,0,0,0,0,0,0,0,0,0,0,0,0,0,0,0,0,0,0,0,0,0,0,0,0,0,0,0,0,0,0,0,0,0,0,0,0,0,0,0,0,0,0,0,0,0,0,0,0,0,0,0,0,0,0,0,0,0,0
-0.0103243,-0.01017302,-0.01007892,-0.0100029,-0.009946477,-0.009926652,-0.009887225,-0.009829726,-0.002495856,0,0,0,0,0,0,0,0,0,0,0,0,0,0,0,0,0,0,0,0,0,0,0,0,0,0,0,0,0,0,0,0,0,0,0,0,0,0,0,0,0,0,0,0,0,0,0,0,0,0,0,0,0,0,0
0,0,0,0,0,0,0,0,0,0,0,0,0,0,0,0,0,0,0,0,0,0,0,0,0,0,0,0,0,0,0,0,0,0,0,0,0,0,0,0,0,0,0,0,0,0,0,0,0,0,0,0,0,0,0,0,0,0,0,0,0,0,0,0
0,0,0,0,0,0,0,0,0,0,0,0,0,0,0,0,0,0,0,0,0,0,0,0,0,0,0,0,0,0,0,0,0,0,0,0,0,0,0,0,0,0,0,0,0,0,0,0,0,0,0,0,0,0,0,0,0,0,0,0,0,0,0,0
0,0,0,0,0,0,0,0,0,0,0,0,0,0,0,0,0,0,0,0,0,0,0,0,0,0,0,0,0,0,0,0,0,0,0,0,0,0,0,0,0,0,0,0,0,0,0,0,0,0,0,0,0,0,0,0,0,0,0,0,0,0,0,0
0,0,0,0,0,0,0,0,0,0,0,0,0,0,0,0,0,0,0,0,0,0,0,0,0,0,0,0,0,0,0,0,0,0,0,0,0,0,0,0,0,0,0,0,0,0,0,0,0,0,0,0,0,0,0,0,0,0,0,0,0,0,0,0
